[decals]
{
	[t:decal,n:*]
	{
		decal_orientation = -0.985887,0.160414,0.047909,0.000000,0.286169,-0.958179,-0.167415,-0.944656,-0.282131;
		decal_origin = 0.823162,-10.671296,-4.488718,0x094E90AD;
	  f far_plane = 1.100000;
	  x guid = 0xBA845C12;
	  f horizontal_meters = 4.000000;
	  f lod = 1.000000;
	  f near_plane = 0.100000;
		texture = Art\Bitmaps\Decals\b_d_snow-a.%img%;
	  f vertical_meters = 4.000000;
	}
	[t:decal,n:*]
	{
		decal_orientation = -1.000000,0.000000,0.000000,0.000000,0.287348,-0.957826,0.000000,-0.957826,-0.287348;
		decal_origin = -1.098133,-10.706027,-4.276642,0x094E90AD;
	  f far_plane = 1.100000;
	  x guid = 0x9CCCA8F1;
	  f horizontal_meters = 4.000000;
	  f lod = 1.000000;
	  f near_plane = 0.100000;
		texture = Art\Bitmaps\Decals\b_d_snow-a.%img%;
	  f vertical_meters = 4.000000;
	}
	[t:decal,n:*]
	{
		decal_orientation = -0.999688,0.024969,0.001192,0.000000,0.047693,-0.998862,-0.024997,-0.998550,-0.047678;
		decal_origin = -1.131330,-10.573895,-5.506328,0x094E90AD;
	  f far_plane = 1.100000;
	  x guid = 0xED6A7EC9;
	  f horizontal_meters = 4.000000;
	  f lod = 1.000000;
	  f near_plane = 0.100000;
		texture = Art\Bitmaps\Decals\b_d_snow-a.%img%;
	  f vertical_meters = 4.000000;
	}
	[t:decal,n:*]
	{
		decal_orientation = -0.737154,0.645942,0.198399,0.000000,0.293610,-0.955925,-0.675725,-0.704664,-0.216436;
		decal_origin = 0.503486,-10.540545,-7.664098,0x094E90AD;
	  f far_plane = 1.100000;
	  x guid = 0x9EF33A19;
	  f horizontal_meters = 4.000000;
	  f lod = 1.000000;
	  f near_plane = 0.100000;
		texture = Art\Bitmaps\Decals\b_d_snow-a.%img%;
	  f vertical_meters = 4.000000;
	}
	[t:decal,n:*]
	{
		decal_orientation = -0.581238,-0.582968,-0.567724,0.000000,0.697677,-0.716412,0.813734,-0.416406,-0.405517;
		decal_origin = -0.193673,-10.959373,-6.891310,0x094E90AD;
	  f far_plane = 1.100000;
	  x guid = 0x39ABB7C8;
	  f horizontal_meters = 4.000000;
	  f lod = 1.000000;
	  f near_plane = 0.100000;
		texture = Art\Bitmaps\Decals\b_d_snow-a.%img%;
	  f vertical_meters = 4.000000;
	}
	[t:decal,n:*]
	{
		decal_orientation = 0.000000,-1.000000,0.000000,0.000000,0.000000,-1.000000,1.000000,0.000000,0.000000;
		decal_origin = -0.160480,-10.100000,-9.348462,0x094E90AD;
	  f far_plane = 1.100000;
	  x guid = 0xB5019784;
	  f horizontal_meters = 4.000000;
	  f lod = 1.000000;
	  f near_plane = 0.100000;
		texture = Art\Bitmaps\Decals\b_d_snow-a.%img%;
	  f vertical_meters = 4.000000;
	}
	[t:decal,n:*]
	{
		decal_orientation = -0.999201,0.039892,0.002458,0.000000,0.061509,-0.998106,-0.039967,-0.997309,-0.061460;
		decal_origin = 1.209416,-10.155899,-8.717019,0x094E90AD;
	  f far_plane = 1.100000;
	  x guid = 0x82BA686D;
	  f horizontal_meters = 4.000000;
	  f lod = 1.000000;
	  f near_plane = 0.100000;
		texture = Art\Bitmaps\Decals\b_d_snow-a.%img%;
	  f vertical_meters = 4.000000;
	}
	[t:decal,n:*]
	{
		decal_orientation = 0.581238,0.809292,0.084900,0.000000,0.104334,-0.994542,-0.813734,0.578066,0.060643;
		decal_origin = -0.573017,-10.656793,-6.899158,0x094E90AD;
	  f far_plane = 1.100000;
	  x guid = 0x784F5BD4;
	  f horizontal_meters = 4.000000;
	  f lod = 1.000000;
	  f near_plane = 0.100000;
		texture = Art\Bitmaps\Decals\b_d_snow-a.%img%;
	  f vertical_meters = 4.000000;
	}
	[t:decal,n:*]
	{
		decal_orientation = -0.514496,-0.623061,-0.589142,0.000000,0.687052,-0.726608,0.857493,-0.373837,-0.353485;
		decal_origin = -0.069674,-10.411498,-8.103491,0x094E90AD;
	  f far_plane = 1.100000;
	  x guid = 0xF1DB4DEB;
	  f horizontal_meters = 4.000000;
	  f lod = 1.000000;
	  f near_plane = 0.100000;
		texture = Art\Bitmaps\Decals\b_d_snow-a.%img%;
	  f vertical_meters = 4.000000;
	}
	[t:decal,n:*]
	{
		decal_orientation = 0.991882,-0.125266,-0.021890,0.000000,0.172143,-0.985072,0.127164,0.977075,0.170746;
		decal_origin = 0.370813,-10.212186,-10.510192,0x094E90AD;
	  f far_plane = 1.100000;
	  x guid = 0x4D316544;
	  f horizontal_meters = 4.000000;
	  f lod = 1.000000;
	  f near_plane = 0.100000;
		texture = Art\Bitmaps\Decals\b_d_snow-a.%img%;
	  f vertical_meters = 4.000000;
	}
	[t:decal,n:*]
	{
		decal_orientation = -0.208956,0.957362,0.199487,0.000000,0.203990,-0.978973,-0.977925,-0.204563,-0.042625;
		decal_origin = 0.359838,-10.508734,-6.080841,0x094E90AD;
	  f far_plane = 1.100000;
	  x guid = 0xE24B1BBD;
	  f horizontal_meters = 4.000000;
	  f lod = 1.000000;
	  f near_plane = 0.100000;
		texture = Art\Bitmaps\Decals\b_d_snow-a.%img%;
	  f vertical_meters = 4.000000;
	}
	[t:decal,n:*]
	{
		decal_orientation = 0.543743,0.821605,0.171199,0.000000,0.203990,-0.978973,-0.839252,0.532310,0.110918;
		decal_origin = 1.019638,-10.467375,-6.879754,0x094E90AD;
	  f far_plane = 1.100000;
	  x guid = 0x9ABB2561;
	  f horizontal_meters = 4.000000;
	  f lod = 1.000000;
	  f near_plane = 0.100000;
		texture = Art\Bitmaps\Decals\b_d_snow-a.%img%;
	  f vertical_meters = 4.000000;
	}
	[t:decal,n:*]
	{
		decal_orientation = -0.926093,-0.329848,-0.183174,0.000000,0.485492,-0.874241,0.377296,-0.809628,-0.449610;
		decal_origin = -1.073395,-10.667056,-6.872970,0x094E90AD;
	  f far_plane = 1.100000;
	  x guid = 0x21D56EE5;
	  f horizontal_meters = 4.000000;
	  f lod = 1.000000;
	  f near_plane = 0.100000;
		texture = Art\Bitmaps\Decals\b_d_snow-a.%img%;
	  f vertical_meters = 4.000000;
	}
}
