[decals]
{
	[t:decal,n:*]
	{
		decal_orientation = 0.000000,-1.000000,0.000000,0.000000,0.000000,-1.000000,1.000000,0.000000,0.000000;
		decal_origin = 1.735002,1.000002,3.993266,0x400C2A88;
	  f far_plane = 1.100000;
	  x guid = 0xF900361D;
	  f horizontal_meters = 4.000000;
	  f lod = 1.000000;
	  f near_plane = 0.100000;
		texture = Art\Bitmaps\Decals\b_d_jng01-a.%img%;
	  f vertical_meters = 4.000000;
	}
	[t:decal,n:*]
	{
		decal_orientation = 0.049938,-0.936438,-0.347262,0.000000,0.347696,-0.937607,0.998752,0.046822,0.017363;
		decal_origin = 0.048136,1.065343,1.627550,0x7801FB8D;
	  f far_plane = 1.400000;
	  x guid = 0x6289C1E2;
	  f horizontal_meters = 5.090909;
	  f lod = 1.000000;
	  f near_plane = 0.100000;
		texture = Art\Bitmaps\Decals\b_d_dirt-a.%img%;
	  f vertical_meters = 5.090909;
	}
	[t:decal,n:*]
	{
		decal_orientation = -0.038433,-0.967266,-0.250839,0.000000,0.251024,-0.967981,0.999261,-0.037202,-0.009648;
		decal_origin = -2.412832,1.804195,2.101976,0x7801FB8D;
	  f far_plane = 1.400000;
	  x guid = 0xE75A5059;
	  f horizontal_meters = 3.818182;
	  f lod = 1.000000;
	  f near_plane = 0.100000;
		texture = Art\Bitmaps\Decals\b_d_dirt-a.%img%;
	  f vertical_meters = 3.818182;
	}
	[t:decal,n:*]
	{
		decal_orientation = -0.171341,0.961438,0.215128,0.000000,0.218357,-0.975869,-0.985212,-0.167207,-0.037414;
		decal_origin = 1.637167,1.547979,2.232605,0x9E297752;
	  f far_plane = 1.400000;
	  x guid = 0x301AB52E;
	  f horizontal_meters = 5.090909;
	  f lod = 1.000000;
	  f near_plane = 0.100000;
		texture = Art\Bitmaps\Decals\b_d_dirt-a.%img%;
	  f vertical_meters = 5.090909;
	}
	[t:decal,n:*]
	{
		decal_orientation = -0.171341,0.961438,0.215128,-0.271560,0.163810,-0.948378,-0.947047,-0.220916,0.233021;
		decal_origin = -0.351045,0.580819,0.312245,0x9E297752;
	  f far_plane = 1.400000;
	  x guid = 0x2573BFBF;
	  f horizontal_meters = 5.090909;
	  f lod = 1.000000;
	  f near_plane = 0.100000;
		texture = Art\Bitmaps\Decals\b_d_dirt-a.%img%;
	  f vertical_meters = 5.090909;
	}
	[t:decal,n:*]
	{
		decal_orientation = 1.000000,0.000000,0.000000,0.000000,0.447214,-0.894427,0.000000,0.894427,0.447214;
		decal_origin = 3.609354,0.681917,-0.888237,0x322D4BE3;
	  f far_plane = 1.100000;
	  x guid = 0x453FF674;
	  f horizontal_meters = 2.000000;
	  f lod = 1.000000;
	  f near_plane = 0.100000;
		texture = Art\Bitmaps\Decals\b_d_dirt-a.%img%;
	  f vertical_meters = 2.000000;
	}
	[t:decal,n:*]
	{
		decal_orientation = 1.000000,0.000000,0.000000,0.000000,0.196116,-0.980581,0.000000,0.980581,0.196116;
		decal_origin = 3.609642,1.532853,1.025239,0x322D4BE3;
	  f far_plane = 1.100000;
	  x guid = 0x9E25C805;
	  f horizontal_meters = 2.000000;
	  f lod = 1.000000;
	  f near_plane = 0.100000;
		texture = Art\Bitmaps\Decals\b_d_dirt-a.%img%;
	  f vertical_meters = 2.000000;
	}
	[t:decal,n:*]
	{
		decal_orientation = 1.000000,0.000000,0.000000,0.000000,0.447214,-0.894427,0.000000,0.894427,0.447214;
		decal_origin = 3.459246,1.143695,0.035318,0x322D4BE3;
	  f far_plane = 1.100000;
	  x guid = 0x0DF76A7D;
	  f horizontal_meters = 2.000000;
	  f lod = 1.000000;
	  f near_plane = 0.100000;
		texture = Art\Bitmaps\Decals\b_d_dirt-a.%img%;
	  f vertical_meters = 2.000000;
	}
	[t:decal,n:*]
	{
		decal_orientation = 1.000000,0.000000,0.000000,0.000000,0.447214,-0.894427,0.000000,0.894427,0.447214;
		decal_origin = -3.584846,1.133796,0.015520,0x1D0F4665;
	  f far_plane = 1.100000;
	  x guid = 0x297DEC28;
	  f horizontal_meters = 2.000000;
	  f lod = 1.000000;
	  f near_plane = 0.100000;
		texture = Art\Bitmaps\Decals\b_d_dirt-a.%img%;
	  f vertical_meters = 2.000000;
	}
	[t:decal,n:*]
	{
		decal_orientation = 1.000000,0.000000,0.000000,0.000000,0.447214,-0.894427,0.000000,0.894427,0.447214;
		decal_origin = -3.185922,0.689838,-0.872398,0x1D0F4665;
	  f far_plane = 1.100000;
	  x guid = 0x8590F7F2;
	  f horizontal_meters = 2.000000;
	  f lod = 1.000000;
	  f near_plane = 0.100000;
		texture = Art\Bitmaps\Decals\b_d_dirt-a.%img%;
	  f vertical_meters = 2.000000;
	}
	[t:decal,n:*]
	{
		decal_orientation = 0.000000,-0.894427,-0.447214,0.000000,0.447214,-0.894427,1.000000,0.000000,0.000000;
		decal_origin = 1.031997,0.610119,2.702968,0x2BE820F3;
	  f far_plane = 1.100000;
	  x guid = 0x137B3ECA;
	  f horizontal_meters = 2.000000;
	  f lod = 1.000000;
	  f near_plane = 0.100000;
		texture = Art\Bitmaps\Decals\b_d_dirt-a.%img%;
	  f vertical_meters = 2.000000;
	}
	[t:decal,n:*]
	{
		decal_orientation = 0.000000,-0.928477,-0.371391,0.000000,0.371391,-0.928477,1.000000,0.000000,0.000000;
		decal_origin = -0.067508,1.112121,2.744023,0x2BE820F3;
	  f far_plane = 1.100000;
	  x guid = 0x9846999A;
	  f horizontal_meters = 2.000000;
	  f lod = 1.000000;
	  f near_plane = 0.100000;
		texture = Art\Bitmaps\Decals\b_d_dirt-a.%img%;
	  f vertical_meters = 2.000000;
	}
	[t:decal,n:*]
	{
		decal_orientation = 0.000000,-0.894427,-0.447214,0.000000,0.447214,-0.894427,1.000000,0.000000,0.000000;
		decal_origin = 0.453063,0.899589,1.538179,0x2BE820F3;
	  f far_plane = 1.100000;
	  x guid = 0x6C1DB4F1;
	  f horizontal_meters = 2.000000;
	  f lod = 1.000000;
	  f near_plane = 0.100000;
		texture = Art\Bitmaps\Decals\b_d_dirt-a.%img%;
	  f vertical_meters = 2.000000;
	}
	[t:decal,n:*]
	{
		decal_orientation = 0.000000,-0.884918,-0.465746,0.000000,0.465746,-0.884918,1.000000,0.000000,0.000000;
		decal_origin = 0.736247,0.750836,0.689331,0x2BE820F3;
	  f far_plane = 1.100000;
	  x guid = 0x81A24D23;
	  f horizontal_meters = 2.000000;
	  f lod = 1.000000;
	  f near_plane = 0.100000;
		texture = Art\Bitmaps\Decals\b_d_dirt-a.%img%;
	  f vertical_meters = 2.000000;
	}
	[t:decal,n:*]
	{
		decal_orientation = 0.124037,-0.886137,-0.446516,0.000000,0.449991,-0.893033,0.992278,0.110769,0.055815;
		decal_origin = 1.101378,0.560947,0.540346,0x2BE820F3;
	  f far_plane = 1.100000;
	  x guid = 0x6AB1C80F;
	  f horizontal_meters = 2.000000;
	  f lod = 1.000000;
	  f near_plane = 0.100000;
		texture = Art\Bitmaps\Decals\b_d_dirt-a.%img%;
	  f vertical_meters = 2.000000;
	}
	[t:decal,n:*]
	{
		decal_orientation = 0.000000,-0.928477,-0.371391,0.000000,0.371391,-0.928477,1.000000,0.000000,0.000000;
		decal_origin = 0.312439,0.959764,3.833313,0x2BE820F3;
	  f far_plane = 1.100000;
	  x guid = 0x7E69782D;
	  f horizontal_meters = 2.000000;
	  f lod = 1.000000;
	  f near_plane = 0.100000;
		texture = Art\Bitmaps\Decals\b_d_dirt-a.%img%;
	  f vertical_meters = 2.000000;
	}
	[t:decal,n:*]
	{
		decal_orientation = 0.298275,-0.934192,-0.195749,0.000000,0.205084,-0.978744,0.954480,0.291935,0.061172;
		decal_origin = -1.111038,1.505461,3.267181,0x2BE820F3;
	  f far_plane = 1.100000;
	  x guid = 0xCD5CC46F;
	  f horizontal_meters = 2.000000;
	  f lod = 1.000000;
	  f near_plane = 0.100000;
		texture = Art\Bitmaps\Decals\b_d_dirt-a.%img%;
	  f vertical_meters = 2.000000;
	}
	[t:decal,n:*]
	{
		decal_orientation = 0.000000,-1.000000,0.000000,0.000000,0.000000,-1.000000,1.000000,0.000000,0.000000;
		decal_origin = -2.249826,2.000002,3.584759,0xDE4E4457;
	  f far_plane = 1.100000;
	  x guid = 0xC233EB05;
	  f horizontal_meters = 4.000000;
	  f lod = 1.000000;
	  f near_plane = 0.100000;
		texture = Art\Bitmaps\Decals\b_d_jng01-a.%img%;
	  f vertical_meters = 4.000000;
	}
	[t:decal,n:*]
	{
		decal_orientation = 0.000000,-1.000000,0.000000,0.000000,0.000000,-1.000000,1.000000,0.000000,0.000000;
		decal_origin = -1.042641,2.000000,2.918457,0xDE4E4457;
	  f far_plane = 1.100000;
	  x guid = 0xA5FEA98C;
	  f horizontal_meters = 4.000000;
	  f lod = 1.000000;
	  f near_plane = 0.100000;
		texture = Art\Bitmaps\Decals\b_d_jng01-a.%img%;
	  f vertical_meters = 4.000000;
	}
	[t:decal,n:*]
	{
		decal_orientation = 0.000000,-1.000000,0.000000,0.000000,0.000000,-1.000000,1.000000,0.000000,0.000000;
		decal_origin = 1.623994,2.000000,2.795774,0xDE4E4457;
	  f far_plane = 1.100000;
	  x guid = 0xB1C45279;
	  f horizontal_meters = 4.000000;
	  f lod = 1.000000;
	  f near_plane = 0.100000;
		texture = Art\Bitmaps\Decals\b_d_jng01-a.%img%;
	  f vertical_meters = 4.000000;
	}
	[t:decal,n:*]
	{
		decal_orientation = 0.000000,-1.000000,0.000000,0.000000,0.000000,-1.000000,1.000000,0.000000,0.000000;
		decal_origin = -0.029316,2.000000,3.830193,0xB971DB16;
	  f far_plane = 1.100000;
	  x guid = 0xE0E471AA;
	  f horizontal_meters = 4.000000;
	  f lod = 1.000000;
	  f near_plane = 0.100000;
		texture = Art\Bitmaps\Decals\b_d_jng01-a.%img%;
	  f vertical_meters = 4.000000;
	}
	[t:decal,n:*]
	{
		decal_orientation = 0.000000,-0.978980,-0.203954,0.000000,0.203954,-0.978980,1.000000,0.000000,0.000000;
		decal_origin = 4.107278,-1.450883,2.827216,0x2E32867A;
	  f far_plane = 1.100000;
	  x guid = 0x307F9A46;
	  f horizontal_meters = 4.000000;
	  f lod = 1.000000;
	  f near_plane = 0.100000;
		texture = Art\Bitmaps\Decals\b_d_jng01-a.%img%;
	  f vertical_meters = 4.000000;
	}
	[t:decal,n:*]
	{
		decal_orientation = 0.000000,-1.000000,0.000000,0.000000,0.000000,-1.000000,1.000000,0.000000,0.000000;
		decal_origin = -3.223025,-1.449997,3.870781,0x2E32867A;
	  f far_plane = 1.100000;
	  x guid = 0xDEE6AF5C;
	  f horizontal_meters = 4.000000;
	  f lod = 1.000000;
	  f near_plane = 0.100000;
		texture = Art\Bitmaps\Decals\b_d_jng01-a.%img%;
	  f vertical_meters = 4.000000;
	}
	[t:decal,n:*]
	{
		decal_orientation = 0.000000,0.995634,0.093341,0.000000,0.093341,-0.995634,-1.000000,0.000000,0.000000;
		decal_origin = -3.975810,-1.443348,-0.956032,0x2E32867A;
	  f far_plane = 1.100000;
	  x guid = 0x3DF0A4C8;
	  f horizontal_meters = 4.000000;
	  f lod = 1.000000;
	  f near_plane = 0.100000;
		texture = Art\Bitmaps\Decals\b_d_jng01-a.%img%;
	  f vertical_meters = 4.000000;
	}
	[t:decal,n:*]
	{
		decal_orientation = 0.000000,0.984784,0.173785,0.000000,0.173785,-0.984784,-1.000000,0.000000,0.000000;
		decal_origin = -3.615252,-1.366653,-3.348823,0x2E32867A;
	  f far_plane = 1.100000;
	  x guid = 0xB8E88121;
	  f horizontal_meters = 4.000000;
	  f lod = 1.000000;
	  f near_plane = 0.100000;
		texture = Art\Bitmaps\Decals\b_d_jng01-a.%img%;
	  f vertical_meters = 4.000000;
	}
	[t:decal,n:*]
	{
		decal_orientation = 0.000000,-1.000000,0.000000,0.000000,0.000000,-1.000000,1.000000,0.000000,0.000000;
		decal_origin = 3.645981,-1.450000,-3.994934,0x2E32867A;
	  f far_plane = 1.100000;
	  x guid = 0x3324F82F;
	  f horizontal_meters = 4.000000;
	  f lod = 1.000000;
	  f near_plane = 0.100000;
		texture = Art\Bitmaps\Decals\b_d_jng01-a.%img%;
	  f vertical_meters = 4.000000;
	}
	[t:decal,n:*]
	{
		decal_orientation = 1.000000,-0.000000,-0.000000,0.000000,0.196116,-0.980581,0.000000,0.980581,0.196116;
		decal_origin = -1.875397,1.970224,3.890991,0x8364D1F4;
	  f far_plane = 1.100000;
	  x guid = 0xB537C2E5;
	  f horizontal_meters = 4.000000;
	  f lod = 1.000000;
	  f near_plane = 0.100000;
		texture = Art\Bitmaps\Decals\b_d_jng01-a.%img%;
	  f vertical_meters = 4.000000;
	}
	[t:decal,n:*]
	{
		decal_orientation = 0.000000,-1.000000,0.000000,0.000000,0.000000,-1.000000,1.000000,0.000000,0.000000;
		decal_origin = -1.876706,2.000000,3.681924,0x2E053CA9;
	  f far_plane = 1.100000;
	  x guid = 0xFB474F22;
	  f horizontal_meters = 4.000000;
	  f lod = 1.000000;
	  f near_plane = 0.100000;
		texture = Art\Bitmaps\Decals\b_d_jng01-a.%img%;
	  f vertical_meters = 4.000000;
	}
	[t:decal,n:*]
	{
		decal_orientation = 0.000000,-1.000000,0.000000,0.000000,0.000000,-1.000000,1.000000,0.000000,0.000000;
		decal_origin = 0.357635,2.000004,3.687887,0x2E053CA9;
	  f far_plane = 1.100000;
	  x guid = 0xB5756E76;
	  f horizontal_meters = 4.000000;
	  f lod = 1.000000;
	  f near_plane = 0.100000;
		texture = Art\Bitmaps\Decals\b_d_jng01-a.%img%;
	  f vertical_meters = 4.000000;
	}
	[t:decal,n:*]
	{
		decal_orientation = 0.000000,-1.000000,0.000000,0.000000,0.000000,-1.000000,1.000000,0.000000,0.000000;
		decal_origin = 0.319697,2.000000,3.920434,0x41214863;
	  f far_plane = 1.100000;
	  x guid = 0xFAAD8281;
	  f horizontal_meters = 4.000000;
	  f lod = 1.000000;
	  f near_plane = 0.100000;
		texture = Art\Bitmaps\Decals\b_d_jng01-a.%img%;
	  f vertical_meters = 4.000000;
	}
	[t:decal,n:*]
	{
		decal_orientation = 0.000000,0.894427,0.447214,0.000000,0.447214,-0.894427,-1.000000,0.000000,0.000000;
		decal_origin = -0.694986,0.778625,-2.749329,0xEBBF1B85;
	  f far_plane = 1.100000;
	  x guid = 0x162FD5E3;
	  f horizontal_meters = 2.000000;
	  f lod = 1.000000;
	  f near_plane = 0.100000;
		texture = Art\Bitmaps\Decals\b_d_dirt-a.%img%;
	  f vertical_meters = 2.000000;
	}
	[t:decal,n:*]
	{
		decal_orientation = 0.000000,0.910366,0.413803,0.000000,0.413803,-0.910366,-1.000000,0.000000,0.000000;
		decal_origin = -1.104405,0.585679,-2.435632,0xEBBF1B85;
	  f far_plane = 1.100000;
	  x guid = 0x90E7D9AD;
	  f horizontal_meters = 2.000000;
	  f lod = 1.000000;
	  f near_plane = 0.100000;
		texture = Art\Bitmaps\Decals\b_d_dirt-a.%img%;
	  f vertical_meters = 2.000000;
	}
	[t:decal,n:*]
	{
		decal_orientation = 0.000000,0.894427,0.447214,0.000000,0.447214,-0.894427,-1.000000,0.000000,0.000000;
		decal_origin = -0.329780,0.961227,-1.732257,0xEBBF1B85;
	  f far_plane = 1.100000;
	  x guid = 0xC3BFF2E7;
	  f horizontal_meters = 2.000000;
	  f lod = 1.000000;
	  f near_plane = 0.100000;
		texture = Art\Bitmaps\Decals\b_d_dirt-a.%img%;
	  f vertical_meters = 2.000000;
	}
	[t:decal,n:*]
	{
		decal_orientation = 0.325555,0.887883,0.325082,0.000000,0.343812,-0.939039,-0.945523,0.305708,0.111929;
		decal_origin = -1.225602,0.537796,-1.097556,0xEBBF1B85;
	  f far_plane = 1.100000;
	  x guid = 0x43E5D4C3;
	  f horizontal_meters = 2.000000;
	  f lod = 1.000000;
	  f near_plane = 0.100000;
		texture = Art\Bitmaps\Decals\b_d_dirt-a.%img%;
	  f vertical_meters = 2.000000;
	}
	[t:decal,n:*]
	{
		decal_orientation = 0.000000,0.000000,0.000000,0.000000,0.000000,0.000000,0.000000,0.000000,0.000000;
		decal_origin = -2.774811,-0.580039,-0.023621,0x44FCE0A6;
	  f far_plane = 1.100000;
	  x guid = 0xB496E69E;
	  f horizontal_meters = 1.000000;
	  f lod = 1.000000;
	  f near_plane = 0.100000;
		texture = Art\Bitmaps\Decals\b_d_blood.%img%;
	  f vertical_meters = 1.000000;
	}
	[t:decal,n:*]
	{
		decal_orientation = 0.000000,-1.000000,0.000000,0.000000,0.000000,-1.000000,1.000000,0.000000,0.000000;
		decal_origin = 0.827226,1.999998,3.776428,0x5D75D6C5;
	  f far_plane = 1.100000;
	  x guid = 0x8A30E79D;
	  f horizontal_meters = 4.000000;
	  f lod = 1.000000;
	  f near_plane = 0.100000;
		texture = Art\Bitmaps\Decals\b_d_jng01-a.%img%;
	  f vertical_meters = 4.000000;
	}
	[t:decal,n:*]
	{
		decal_orientation = 0.000000,-1.000000,0.000000,0.000000,0.000000,-1.000000,1.000000,0.000000,0.000000;
		decal_origin = -1.526929,2.000002,3.573408,0x5D75D6C5;
	  f far_plane = 1.100000;
	  x guid = 0xB8AC641A;
	  f horizontal_meters = 4.000000;
	  f lod = 1.000000;
	  f near_plane = 0.100000;
		texture = Art\Bitmaps\Decals\b_d_jng01-a.%img%;
	  f vertical_meters = 4.000000;
	}
	[t:decal,n:*]
	{
		decal_orientation = 0.000000,-1.000000,0.000000,0.000000,0.000000,-1.000000,1.000000,0.000000,0.000000;
		decal_origin = -1.886851,0.000000,1.687897,0xB1272E92;
	  f far_plane = 1.100000;
	  x guid = 0xD35C6451;
	  f horizontal_meters = 4.000000;
	  f lod = 1.000000;
	  f near_plane = 0.100000;
		texture = Art\Bitmaps\Decals\b_d_jng01-a.%img%;
	  f vertical_meters = 4.000000;
	}
	[t:decal,n:*]
	{
		decal_orientation = 0.000000,-1.000000,0.000000,0.000000,0.000000,-1.000000,1.000000,0.000000,0.000000;
		decal_origin = -1.609842,0.000000,-0.997863,0xB1272E92;
	  f far_plane = 1.100000;
	  x guid = 0x4081AD3E;
	  f horizontal_meters = 4.000000;
	  f lod = 1.000000;
	  f near_plane = 0.100000;
		texture = Art\Bitmaps\Decals\b_d_jng01-a.%img%;
	  f vertical_meters = 4.000000;
	}
	[t:decal,n:*]
	{
		decal_orientation = 0.000000,-1.000000,0.000000,0.000000,0.000000,-1.000000,1.000000,0.000000,0.000000;
		decal_origin = -1.874550,0.999998,-0.736786,0x51C1B6BF;
	  f far_plane = 1.100000;
	  x guid = 0xF1AD6B91;
	  f horizontal_meters = 4.000000;
	  f lod = 1.000000;
	  f near_plane = 0.100000;
		texture = Art\Bitmaps\Decals\b_d_jng01-a.%img%;
	  f vertical_meters = 4.000000;
	}
	[t:decal,n:*]
	{
		decal_orientation = 0.000000,-1.000000,0.000000,0.000000,0.000000,-1.000000,1.000000,0.000000,0.000000;
		decal_origin = 1.206970,1.000000,-0.851967,0x6A98D623;
	  f far_plane = 1.100000;
	  x guid = 0x65E36223;
	  f horizontal_meters = 4.000000;
	  f lod = 1.000000;
	  f near_plane = 0.100000;
		texture = Art\Bitmaps\Decals\b_d_jng01-a.%img%;
	  f vertical_meters = 4.000000;
	}
	[t:decal,n:*]
	{
		decal_orientation = 0.000000,-1.000000,0.000000,0.000000,0.000000,-1.000000,1.000000,0.000000,0.000000;
		decal_origin = -1.219769,2.000001,3.009483,0x91DD09E4;
	  f far_plane = 1.100000;
	  x guid = 0x93FCC430;
	  f horizontal_meters = 4.000000;
	  f lod = 1.000000;
	  f near_plane = 0.100000;
		texture = Art\Bitmaps\Decals\b_d_jng01-a.%img%;
	  f vertical_meters = 4.000000;
	}
	[t:decal,n:*]
	{
		decal_orientation = 0.000000,-1.000000,0.000000,0.000000,0.000000,-1.000000,1.000000,0.000000,0.000000;
		decal_origin = 3.962344,1.000000,1.731769,0x3F7F491D;
	  f far_plane = 1.100000;
	  x guid = 0x49B57876;
	  f horizontal_meters = 4.000000;
	  f lod = 1.000000;
	  f near_plane = 0.100000;
		texture = Art\Bitmaps\Decals\b_d_jng01-a.%img%;
	  f vertical_meters = 4.000000;
	}
	[t:decal,n:*]
	{
		decal_orientation = 0.000000,-1.000000,0.000000,0.000000,0.000000,-1.000000,1.000000,0.000000,0.000000;
		decal_origin = 3.935238,1.000000,3.925986,0x3F7F491D;
	  f far_plane = 1.100000;
	  x guid = 0x7F6D9A01;
	  f horizontal_meters = 4.000000;
	  f lod = 1.000000;
	  f near_plane = 0.100000;
		texture = Art\Bitmaps\Decals\b_d_jng01-a.%img%;
	  f vertical_meters = 4.000000;
	}
	[t:decal,n:*]
	{
		decal_orientation = 0.000000,-1.000000,0.000000,0.000000,0.000000,-1.000000,1.000000,0.000000,0.000000;
		decal_origin = 3.670721,-0.750000,-3.456040,0x7B842F53;
	  f far_plane = 1.100000;
	  x guid = 0x9E81D25C;
	  f horizontal_meters = 4.000000;
	  f lod = 1.000000;
	  f near_plane = 0.100000;
		texture = Art\Bitmaps\Decals\b_d_jng01-a.%img%;
	  f vertical_meters = 4.000000;
	}
	[t:decal,n:*]
	{
		decal_orientation = 1.000000,0.000000,0.000000,0.000000,0.152057,-0.988372,0.000000,0.988372,0.152057;
		decal_origin = -0.600554,-0.746715,-4.055121,0x7B842F53;
	  f far_plane = 1.100000;
	  x guid = 0x684E0738;
	  f horizontal_meters = 4.000000;
	  f lod = 1.000000;
	  f near_plane = 0.100000;
		texture = Art\Bitmaps\Decals\b_d_jng01-a.%img%;
	  f vertical_meters = 4.000000;
	}
	[t:decal,n:*]
	{
		decal_orientation = 1.000000,0.000000,0.000000,0.000000,0.224860,-0.974391,0.000000,0.974391,0.224860;
		decal_origin = -3.282527,-0.726886,-4.013733,0x7B842F53;
	  f far_plane = 1.100000;
	  x guid = 0xB8A7F4CE;
	  f horizontal_meters = 4.000000;
	  f lod = 1.000000;
	  f near_plane = 0.100000;
		texture = Art\Bitmaps\Decals\b_d_jng01-a.%img%;
	  f vertical_meters = 4.000000;
	}
	[t:decal,n:*]
	{
		decal_orientation = 0.000000,-0.995893,-0.090536,0.000000,0.090536,-0.995893,1.000000,0.000000,0.000000;
		decal_origin = 3.738348,-0.722090,-1.002095,0x7B842F53;
	  f far_plane = 1.100000;
	  x guid = 0xBEEAAB9B;
	  f horizontal_meters = 4.000000;
	  f lod = 1.000000;
	  f near_plane = 0.100000;
		texture = Art\Bitmaps\Decals\b_d_jng01-a.%img%;
	  f vertical_meters = 4.000000;
	}
	[t:decal,n:*]
	{
		decal_orientation = 0.240708,-0.956778,-0.163206,0.000000,0.168150,-0.985761,0.970598,0.237281,0.040475;
		decal_origin = 3.953263,-0.742687,1.637810,0x7B842F53;
	  f far_plane = 1.100000;
	  x guid = 0x169247F5;
	  f horizontal_meters = 4.000000;
	  f lod = 1.000000;
	  f near_plane = 0.100000;
		texture = Art\Bitmaps\Decals\b_d_jng01-a.%img%;
	  f vertical_meters = 4.000000;
	}
	[t:decal,n:*]
	{
		decal_orientation = -1.000000,0.000000,0.000000,0.000000,0.316228,-0.948683,0.000000,-0.948683,-0.316228;
		decal_origin = 3.167078,-0.646680,3.740398,0x7B842F53;
	  f far_plane = 1.100000;
	  x guid = 0xD59A5E22;
	  f horizontal_meters = 4.000000;
	  f lod = 1.000000;
	  f near_plane = 0.100000;
		texture = Art\Bitmaps\Decals\b_d_jng01-a.%img%;
	  f vertical_meters = 4.000000;
	}
	[t:decal,n:*]
	{
		decal_orientation = -1.000000,0.000000,0.000000,0.000000,0.184289,-0.982872,0.000000,-0.982872,-0.184289;
		decal_origin = 0.318526,-0.720299,3.934525,0x7B842F53;
	  f far_plane = 1.100000;
	  x guid = 0x4CADD9B9;
	  f horizontal_meters = 4.000000;
	  f lod = 1.000000;
	  f near_plane = 0.100000;
		texture = Art\Bitmaps\Decals\b_d_jng01-a.%img%;
	  f vertical_meters = 4.000000;
	}
	[t:decal,n:*]
	{
		decal_orientation = -0.871576,0.488313,0.043657,0.000000,0.089049,-0.996027,-0.490261,-0.868113,-0.077613;
		decal_origin = -2.649233,-0.742393,3.588362,0x7B842F53;
	  f far_plane = 1.100000;
	  x guid = 0x31533AD2;
	  f horizontal_meters = 4.000000;
	  f lod = 1.000000;
	  f near_plane = 0.100000;
		texture = Art\Bitmaps\Decals\b_d_jng01-a.%img%;
	  f vertical_meters = 4.000000;
	}
	[t:decal,n:*]
	{
		decal_orientation = 0.000000,-1.000000,0.000000,0.000000,0.000000,-1.000000,1.000000,0.000000,0.000000;
		decal_origin = -3.910559,-0.749998,2.256397,0x7B842F53;
	  f far_plane = 1.100000;
	  x guid = 0x8CA7817A;
	  f horizontal_meters = 4.000000;
	  f lod = 1.000000;
	  f near_plane = 0.100000;
		texture = Art\Bitmaps\Decals\b_d_jng01-a.%img%;
	  f vertical_meters = 4.000000;
	}
	[t:decal,n:*]
	{
		decal_orientation = 0.000000,-1.000000,0.000000,0.000000,0.000000,-1.000000,1.000000,0.000000,0.000000;
		decal_origin = 0.244503,1.000000,0.861870,0xF11687EA;
	  f far_plane = 1.100000;
	  x guid = 0x6AD87EAE;
	  f horizontal_meters = 4.000000;
	  f lod = 1.000000;
	  f near_plane = 0.100000;
		texture = Art\Bitmaps\Decals\b_d_jng01-a.%img%;
	  f vertical_meters = 4.000000;
	}
	[t:decal,n:*]
	{
		decal_orientation = 0.000000,-1.000000,0.000000,0.000000,0.000000,-1.000000,1.000000,0.000000,0.000000;
		decal_origin = -1.966052,1.000001,1.332557,0xF11687EA;
	  f far_plane = 1.100000;
	  x guid = 0xD311E786;
	  f horizontal_meters = 4.000000;
	  f lod = 1.000000;
	  f near_plane = 0.100000;
		texture = Art\Bitmaps\Decals\b_d_jng01-a.%img%;
	  f vertical_meters = 4.000000;
	}
	[t:decal,n:*]
	{
		decal_orientation = 0.000000,-1.000000,0.000000,0.000000,0.000000,-1.000000,1.000000,0.000000,0.000000;
		decal_origin = 2.944528,1.000000,1.708628,0xF11687EA;
	  f far_plane = 1.100000;
	  x guid = 0x63FCDEB8;
	  f horizontal_meters = 4.000000;
	  f lod = 1.000000;
	  f near_plane = 0.100000;
		texture = Art\Bitmaps\Decals\b_d_jng01-a.%img%;
	  f vertical_meters = 4.000000;
	}
	[t:decal,n:*]
	{
		decal_orientation = 0.000000,-1.000000,0.000000,0.000000,0.000000,-1.000000,1.000000,0.000000,0.000000;
		decal_origin = 3.754983,1.000000,-3.523840,0xDF838E82;
	  f far_plane = 1.100000;
	  x guid = 0xB16F2A24;
	  f horizontal_meters = 4.000000;
	  f lod = 1.000000;
	  f near_plane = 0.100000;
		texture = Art\Bitmaps\Decals\b_d_jng01-a.%img%;
	  f vertical_meters = 4.000000;
	}
	[t:decal,n:*]
	{
		decal_orientation = 0.000000,-1.000000,0.000000,0.000000,0.000000,-1.000000,1.000000,0.000000,0.000000;
		decal_origin = 3.770658,1.000001,-1.536863,0xDF838E82;
	  f far_plane = 1.100000;
	  x guid = 0xB7458A99;
	  f horizontal_meters = 4.000000;
	  f lod = 1.000000;
	  f near_plane = 0.100000;
		texture = Art\Bitmaps\Decals\b_d_jng01-a.%img%;
	  f vertical_meters = 4.000000;
	}
	[t:decal,n:*]
	{
		decal_orientation = 0.000000,-1.000000,0.000000,0.000000,0.000000,-1.000000,1.000000,0.000000,0.000000;
		decal_origin = 1.885261,1.000000,0.028895,0x15319F1B;
	  f far_plane = 1.100000;
	  x guid = 0x6BE7A4ED;
	  f horizontal_meters = 4.000000;
	  f lod = 1.000000;
	  f near_plane = 0.100000;
		texture = Art\Bitmaps\Decals\b_d_jng01-a.%img%;
	  f vertical_meters = 4.000000;
	}
	[t:decal,n:*]
	{
		decal_orientation = 0.000000,0.984784,0.173785,0.000000,0.173785,-0.984784,-1.000000,0.000000,0.000000;
		decal_origin = -3.767537,-1.393527,-3.267378,0x4A21146E;
	  f far_plane = 1.100000;
	  x guid = 0x309F07A9;
	  f horizontal_meters = 4.000000;
	  f lod = 1.000000;
	  f near_plane = 0.100000;
		texture = Art\Bitmaps\Decals\b_d_jng01-a.%img%;
	  f vertical_meters = 4.000000;
	}
	[t:decal,n:*]
	{
		decal_orientation = 0.000000,0.995634,0.093341,0.000000,0.093341,-0.995634,-1.000000,0.000000,0.000000;
		decal_origin = -3.700760,-1.446681,-1.131332,0x4A21146E;
	  f far_plane = 1.100000;
	  x guid = 0x6F5ED3DD;
	  f horizontal_meters = 4.000000;
	  f lod = 1.000000;
	  f near_plane = 0.100000;
		texture = Art\Bitmaps\Decals\b_d_jng01-a.%img%;
	  f vertical_meters = 4.000000;
	}
	[t:decal,n:*]
	{
		decal_orientation = -0.882353,-0.470297,-0.016553,0.000000,0.035175,-0.999381,0.470588,-0.881807,-0.031037;
		decal_origin = -3.474444,-1.443857,3.541822,0x4A21146E;
	  f far_plane = 1.100000;
	  x guid = 0xD2162CE7;
	  f horizontal_meters = 4.000000;
	  f lod = 1.000000;
	  f near_plane = 0.100000;
		texture = Art\Bitmaps\Decals\b_d_jng01-a.%img%;
	  f vertical_meters = 4.000000;
	}
	[t:decal,n:*]
	{
		decal_orientation = 0.000000,-1.000000,0.000000,0.000000,0.000000,-1.000000,1.000000,0.000000,0.000000;
		decal_origin = 2.743542,2.000002,3.482738,0x79E82E4A;
	  f far_plane = 1.100000;
	  x guid = 0x712C09B6;
	  f horizontal_meters = 4.000000;
	  f lod = 1.000000;
	  f near_plane = 0.100000;
		texture = Art\Bitmaps\Decals\b_d_jng01-a.%img%;
	  f vertical_meters = 4.000000;
	}
	[t:decal,n:*]
	{
		decal_orientation = 0.000000,-1.000000,0.000000,0.000000,0.000000,-1.000000,1.000000,0.000000,0.000000;
		decal_origin = 0.291968,2.000000,3.923151,0x79E82E4A;
	  f far_plane = 1.100000;
	  x guid = 0xB4EC685A;
	  f horizontal_meters = 4.000000;
	  f lod = 1.000000;
	  f near_plane = 0.100000;
		texture = Art\Bitmaps\Decals\b_d_jng01-a.%img%;
	  f vertical_meters = 4.000000;
	}
	[t:decal,n:*]
	{
		decal_orientation = 0.000000,-1.000000,0.000000,0.000000,0.000000,-1.000000,1.000000,0.000000,0.000000;
		decal_origin = -0.901940,2.000000,3.470908,0x77F5EB5D;
	  f far_plane = 1.100000;
	  x guid = 0x2FDDF1A2;
	  f horizontal_meters = 4.000000;
	  f lod = 1.000000;
	  f near_plane = 0.100000;
		texture = Art\Bitmaps\Decals\b_d_jng01-a.%img%;
	  f vertical_meters = 4.000000;
	}
	[t:decal,n:*]
	{
		decal_orientation = 0.000000,-1.000000,0.000000,0.000000,0.000000,-1.000000,1.000000,0.000000,0.000000;
		decal_origin = -3.285964,-1.250000,3.410326,0x2FF381C8;
	  f far_plane = 1.100000;
	  x guid = 0x51D5D7D1;
	  f horizontal_meters = 4.000000;
	  f lod = 1.000000;
	  f near_plane = 0.100000;
		texture = Art\Bitmaps\Decals\b_d_jng01-a.%img%;
	  f vertical_meters = 4.000000;
	}
	[t:decal,n:*]
	{
		decal_orientation = 0.000000,-1.000000,0.000000,0.000000,0.000000,-1.000000,1.000000,0.000000,0.000000;
		decal_origin = 3.617273,-1.249998,3.575047,0x2FF381C8;
	  f far_plane = 1.100000;
	  x guid = 0x9F66D6D4;
	  f horizontal_meters = 4.000000;
	  f lod = 1.000000;
	  f near_plane = 0.100000;
		texture = Art\Bitmaps\Decals\b_d_jng01-a.%img%;
	  f vertical_meters = 4.000000;
	}
	[t:decal,n:*]
	{
		decal_orientation = 0.000000,-1.000000,0.000000,0.000000,0.000000,-1.000000,1.000000,0.000000,0.000000;
		decal_origin = 3.889771,-1.250002,-3.521137,0x2FF381C8;
	  f far_plane = 1.100000;
	  x guid = 0xEF361879;
	  f horizontal_meters = 4.000000;
	  f lod = 1.000000;
	  f near_plane = 0.100000;
		texture = Art\Bitmaps\Decals\b_d_jng01-a.%img%;
	  f vertical_meters = 4.000000;
	}
	[t:decal,n:*]
	{
		decal_orientation = 0.000000,-1.000000,0.000000,0.000000,0.000000,-1.000000,1.000000,0.000000,0.000000;
		decal_origin = -3.397896,-1.249998,-2.679493,0x2FF381C8;
	  f far_plane = 1.100000;
	  x guid = 0x246C0FFD;
	  f horizontal_meters = 4.000000;
	  f lod = 1.000000;
	  f near_plane = 0.100000;
		texture = Art\Bitmaps\Decals\b_d_jng01-a.%img%;
	  f vertical_meters = 4.000000;
	}
	[t:decal,n:*]
	{
		decal_orientation = 0.000000,-1.000000,0.000000,0.000000,0.000000,-1.000000,1.000000,0.000000,0.000000;
		decal_origin = -2.914840,-1.250002,-0.364757,0x2FF381C8;
	  f far_plane = 1.100000;
	  x guid = 0x1A935518;
	  f horizontal_meters = 4.000000;
	  f lod = 1.000000;
	  f near_plane = 0.100000;
		texture = Art\Bitmaps\Decals\b_d_jng01-a.%img%;
	  f vertical_meters = 4.000000;
	}
	[t:decal,n:*]
	{
		decal_orientation = 0.000000,-1.000000,0.000000,0.000000,0.000000,-1.000000,1.000000,0.000000,0.000000;
		decal_origin = -2.956928,-1.250002,1.716417,0x2FF381C8;
	  f far_plane = 1.100000;
	  x guid = 0x97E952D7;
	  f horizontal_meters = 4.000000;
	  f lod = 1.000000;
	  f near_plane = 0.100000;
		texture = Art\Bitmaps\Decals\b_d_jng01-a.%img%;
	  f vertical_meters = 4.000000;
	}
}
