[decals]
{
	[t:decal,n:*]
	{
		decal_orientation = 0.000000,-1.000000,0.000000,0.000000,0.000000,-1.000000,1.000000,0.000000,0.000000;
		decal_origin = 0.540916,7.000000,1.444876,0xBB0BCCF6;
	  f far_plane = 1.100000;
	  x guid = 0x917D5F24;
	  f horizontal_meters = 3.000000;
	  f lod = 1.000000;
	  f near_plane = 0.100000;
		texture = Art\Bitmaps\Decals\b_d_grs01-a.%img%;
	  f vertical_meters = 3.000000;
	}
	[t:decal,n:*]
	{
		decal_orientation = 0.000000,-1.000000,0.000000,0.000000,0.000000,-1.000000,1.000000,0.000000,0.000000;
		decal_origin = -0.627821,2.950003,1.485550,0x15799A61;
	  f far_plane = 1.100000;
	  x guid = 0xDB6B0D13;
	  f horizontal_meters = 3.000000;
	  f lod = 1.000000;
	  f near_plane = 0.100000;
		texture = Art\Bitmaps\Decals\b_d_grs01-a.%img%;
	  f vertical_meters = 3.000000;
	}
	[t:decal,n:*]
	{
		decal_orientation = 1.000000,0.000000,0.000000,0.000000,0.062378,-0.998053,0.000000,0.998053,0.062378;
		decal_origin = -1.275236,6.887316,1.270279,0xA0A73231;
	  f far_plane = 1.100000;
	  x guid = 0xDF3605F6;
	  f horizontal_meters = 4.000000;
	  f lod = 1.000000;
	  f near_plane = 0.100000;
		texture = Art\Bitmaps\Decals\b_d_grs01-a.%img%;
	  f vertical_meters = 4.000000;
	}
	[t:decal,n:*]
	{
		decal_orientation = 0.000000,-1.000000,0.000000,0.000000,0.000000,-1.000000,1.000000,0.000000,0.000000;
		decal_origin = 0.651559,3.000000,1.833690,0xA81D33DE;
	  f far_plane = 1.100000;
	  x guid = 0xA1E02D92;
	  f horizontal_meters = 2.000000;
	  f lod = 1.000000;
	  f near_plane = 0.100000;
		texture = Art\Bitmaps\Decals\b_d_grs01-a.%img%;
	  f vertical_meters = 2.000000;
	}
	[t:decal,n:*]
	{
		decal_orientation = -1.000000,0.000000,0.000000,0.000000,0.062378,-0.998053,0.000000,-0.998053,-0.062378;
		decal_origin = -0.790556,6.943354,1.847120,0xB400B704;
	  f far_plane = 1.100000;
	  x guid = 0x74F0FFE9;
	  f horizontal_meters = 5.000000;
	  f lod = 1.000000;
	  f near_plane = 0.100000;
		texture = Art\Bitmaps\Decals\b_d_grs01-a.%img%;
	  f vertical_meters = 5.000000;
	}
	[t:decal,n:*]
	{
		decal_orientation = 0.000000,-1.000000,0.000000,0.000000,0.000000,-1.000000,1.000000,0.000000,0.000000;
		decal_origin = -2.591267,0.000001,-3.240791,0xD86D84C5;
	  f far_plane = 1.100000;
	  x guid = 0xD29898CB;
	  f horizontal_meters = 4.000000;
	  f lod = 1.000000;
	  f near_plane = 0.100000;
		texture = Art\Bitmaps\Decals\b_d_dirt-a.%img%;
	  f vertical_meters = 4.000000;
	}
	[t:decal,n:*]
	{
		decal_orientation = 0.000000,1.000000,0.000000,0.000000,0.000000,-1.000000,-1.000000,0.000000,0.000000;
		decal_origin = 1.491516,2.172388,1.505066,0x220AD970;
	  f far_plane = 6.000000;
	  x guid = 0xA81A0291;
	  f horizontal_meters = 5.454546;
	  f lod = 1.000000;
	  f near_plane = 0.100000;
		texture = Art\Bitmaps\Decals\b_d_scorch.%img%;
	  f vertical_meters = 5.454546;
	}
	[t:decal,n:*]
	{
		decal_orientation = 0.000000,1.000000,0.000000,0.000003,-1.000000,0.000000,0.000000,-1.000000,0.000000;
		decal_origin = -1.843078,2.027238,0.772094,0x81F352F4;
	  f far_plane = 1.100000;
	  x guid = 0x2AB14446;
	  f horizontal_meters = 4.000000;
	  f lod = 1.000000;
	  f near_plane = 0.100000;
		texture = Art\Bitmaps\Decals\b_d_for01-b.%img%;
	  f vertical_meters = 4.000000;
	}
	[t:decal,n:*]
	{
		decal_orientation = 0.000000,-1.000000,0.000000,0.000000,0.000000,-1.000000,1.000000,0.000000,0.000000;
		decal_origin = -0.417847,0.999998,-0.401016,0x3F4C6664;
	  f far_plane = 1.100000;
	  x guid = 0xF9FFA933;
	  f horizontal_meters = 4.000000;
	  f lod = 1.000000;
	  f near_plane = 0.100000;
		texture = Art\Bitmaps\Decals\b_d_for01-b.%img%;
	  f vertical_meters = 4.000000;
	}
	[t:decal,n:*]
	{
		decal_orientation = 0.000000,0.980581,0.196116,0.000000,0.196116,-0.980581,-1.000000,0.000000,0.000000;
		decal_origin = 2.105789,1.659451,-3.776825,0xE27E32BB;
	  f far_plane = 1.100000;
	  x guid = 0x7BF5EA03;
	  f horizontal_meters = 4.000000;
	  f lod = 1.000000;
	  f near_plane = 0.100000;
		texture = Art\Bitmaps\Decals\b_d_for01-b.%img%;
	  f vertical_meters = 4.000000;
	}
	[t:decal,n:*]
	{
		decal_orientation = 1.000000,0.000000,0.000000,0.000000,0.000000,-1.000000,0.000000,1.000000,0.000000;
		decal_origin = 1.186783,0.648136,1.739777,0x1158DF56;
	  f far_plane = 1.100000;
	  x guid = 0x455220CD;
	  f horizontal_meters = 4.000000;
	  f lod = 1.000000;
	  f near_plane = 0.100000;
		texture = Art\Bitmaps\Decals\b_d_for01-b.%img%;
	  f vertical_meters = 4.000000;
	}
	[t:decal,n:*]
	{
		decal_orientation = 0.000000,-1.000000,0.000000,0.000000,0.000000,-1.000000,1.000000,0.000000,0.000000;
		decal_origin = 0.231705,0.862274,0.201355,0x1158DF56;
	  f far_plane = 1.100000;
	  x guid = 0x0C259FA3;
	  f horizontal_meters = 4.000000;
	  f lod = 1.000000;
	  f near_plane = 0.100000;
		texture = Art\Bitmaps\Decals\b_d_for01-b.%img%;
	  f vertical_meters = 4.000000;
	}
	[t:decal,n:*]
	{
		decal_orientation = 0.000000,-1.000000,0.000000,0.000003,-1.000000,0.000000,0.000000,-1.000000,0.000000;
		decal_origin = -1.568985,2.000000,-0.428650,0x66862E9E;
	  f far_plane = 1.100000;
	  x guid = 0x9AD5ADC6;
	  f horizontal_meters = 4.000000;
	  f lod = 1.000000;
	  f near_plane = 0.100000;
		texture = Art\Bitmaps\Decals\b_d_for01-b.%img%;
	  f vertical_meters = 4.000000;
	}
	[t:decal,n:*]
	{
		decal_orientation = 0.000000,-1.000000,0.000000,0.000000,0.000000,-1.000000,1.000000,0.000000,0.000000;
		decal_origin = -1.459588,0.624998,-5.637038,0xEA70776A;
	  f far_plane = 1.100000;
	  x guid = 0xB9B389E0;
	  f horizontal_meters = 4.000000;
	  f lod = 1.000000;
	  f near_plane = 0.100000;
		texture = Art\Bitmaps\Decals\b_d_for01-b.%img%;
	  f vertical_meters = 4.000000;
	}
	[t:decal,n:*]
	{
		decal_orientation = 0.000000,-1.000000,0.000000,0.000000,0.000000,-1.000000,1.000000,0.000000,0.000000;
		decal_origin = -4.225021,0.624999,-5.511589,0xEA70776A;
	  f far_plane = 1.100000;
	  x guid = 0x313827B4;
	  f horizontal_meters = 4.000000;
	  f lod = 1.000000;
	  f near_plane = 0.100000;
		texture = Art\Bitmaps\Decals\b_d_for01-b.%img%;
	  f vertical_meters = 4.000000;
	}
	[t:decal,n:*]
	{
		decal_orientation = 0.000000,-1.000000,0.000000,0.000000,0.000000,-1.000000,1.000000,0.000000,0.000000;
		decal_origin = -0.164368,0.999999,-0.394257,0xF3DD101D;
	  f far_plane = 1.100000;
	  x guid = 0x30AC7193;
	  f horizontal_meters = 4.000000;
	  f lod = 1.000000;
	  f near_plane = 0.100000;
		texture = Art\Bitmaps\Decals\b_d_for01-b.%img%;
	  f vertical_meters = 4.000000;
	}
	[t:decal,n:*]
	{
		decal_orientation = 0.000000,0.000000,0.000000,0.000000,-1.000000,0.000000,1.000000,0.000000,0.000000;
		decal_origin = -2.200042,1.000000,-2.428421,0xE6758075;
	  f far_plane = 1.100000;
	  x guid = 0x8BD97EE0;
	  f horizontal_meters = 4.000000;
	  f lod = 1.000000;
	  f near_plane = 0.100000;
		texture = Art\Bitmaps\Decals\b_d_for01-b.%img%;
	  f vertical_meters = 4.000000;
	}
	[t:decal,n:*]
	{
		decal_orientation = 0.000000,-1.000000,0.000000,0.000000,0.000000,-1.000000,1.000000,0.000000,0.000000;
		decal_origin = -2.172119,1.052738,-3.777054,0xE6758075;
	  f far_plane = 1.100000;
	  x guid = 0xB66F7228;
	  f horizontal_meters = 4.000000;
	  f lod = 1.000000;
	  f near_plane = 0.100000;
		texture = Art\Bitmaps\Decals\b_d_for01-b.%img%;
	  f vertical_meters = 4.000000;
	}
	[t:decal,n:*]
	{
		decal_orientation = 0.000000,0.999800,0.019996,0.000000,0.019996,-0.999800,-1.000000,0.000000,0.000000;
		decal_origin = 2.968597,1.106637,-3.596527,0xE6758075;
	  f far_plane = 1.100000;
	  x guid = 0x7C34C11D;
	  f horizontal_meters = 4.000000;
	  f lod = 1.000000;
	  f near_plane = 0.100000;
		texture = Art\Bitmaps\Decals\b_d_for01-b.%img%;
	  f vertical_meters = 4.000000;
	}
	[t:decal,n:*]
	{
		decal_orientation = 0.000000,1.000000,0.000000,0.000000,0.000000,-1.000000,-1.000000,0.000000,0.000000;
		decal_origin = 2.856567,-0.040586,-3.460434,0xF61EF64B;
	  f far_plane = 1.100000;
	  x guid = 0x80B95526;
	  f horizontal_meters = 4.000000;
	  f lod = 1.000000;
	  f near_plane = 0.100000;
		texture = Art\Bitmaps\Decals\b_d_for01-b.%img%;
	  f vertical_meters = 4.000000;
	}
	[t:decal,n:*]
	{
		decal_orientation = -1.000000,0.000000,0.000000,0.000000,0.099504,-0.995037,0.000000,-0.995037,-0.099504;
		decal_origin = -0.015381,-0.021230,-3.708282,0xF61EF64B;
	  f far_plane = 1.100000;
	  x guid = 0xC4E6454F;
	  f horizontal_meters = 4.000000;
	  f lod = 1.000000;
	  f near_plane = 0.100000;
		texture = Art\Bitmaps\Decals\b_d_for01-a.%img%;
	  f vertical_meters = 4.000000;
	}
	[t:decal,n:*]
	{
		decal_orientation = 0.000000,-1.000000,0.000000,0.000000,0.000000,-1.000000,1.000000,0.000000,0.000000;
		decal_origin = -3.549942,1.000000,-1.982498,0x3C2BDE03;
	  f far_plane = 1.100000;
	  x guid = 0xFC8BF371;
	  f horizontal_meters = 4.000000;
	  f lod = 1.000000;
	  f near_plane = 0.100000;
		texture = Art\Bitmaps\Decals\b_d_for01-b.%img%;
	  f vertical_meters = 4.000000;
	}
	[t:decal,n:*]
	{
		decal_orientation = 0.000000,-1.000000,0.000000,0.000000,0.000000,-1.000000,1.000000,0.000000,0.000000;
		decal_origin = -3.575638,0.999998,0.571983,0x3C2BDE03;
	  f far_plane = 1.100000;
	  x guid = 0x6732CE63;
	  f horizontal_meters = 4.000000;
	  f lod = 1.000000;
	  f near_plane = 0.100000;
		texture = Art\Bitmaps\Decals\b_d_for01-b.%img%;
	  f vertical_meters = 4.000000;
	}
	[t:decal,n:*]
	{
		decal_orientation = 0.000000,-1.000000,0.000000,0.000000,0.000000,-1.000000,1.000000,0.000000,0.000000;
		decal_origin = -3.305878,0.999995,-1.271675,0x7DF13CDA;
	  f far_plane = 1.100000;
	  x guid = 0xDAA02CD9;
	  f horizontal_meters = 4.000000;
	  f lod = 1.000000;
	  f near_plane = 0.100000;
		texture = Art\Bitmaps\Decals\b_d_for01-b.%img%;
	  f vertical_meters = 4.000000;
	}
	[t:decal,n:*]
	{
		decal_orientation = 0.000000,-1.000000,0.000000,0.000000,0.000000,-1.000000,1.000000,0.000000,0.000000;
		decal_origin = 3.470200,1.687217,3.383453,0x514C2A32;
	  f far_plane = 1.100000;
	  x guid = 0x5F9015B5;
	  f horizontal_meters = 4.000000;
	  f lod = 1.000000;
	  f near_plane = 0.100000;
		texture = Art\Bitmaps\Decals\b_d_for01-b.%img%;
	  f vertical_meters = 4.000000;
	}
	[t:decal,n:*]
	{
		decal_orientation = 1.000000,0.000000,0.000000,0.000000,0.196116,-0.980581,0.000000,0.980581,0.196116;
		decal_origin = -3.402466,1.233055,1.220230,0x8E7FEB75;
	  f far_plane = 1.100000;
	  x guid = 0x6A6F03C3;
	  f horizontal_meters = 4.000000;
	  f lod = 1.000000;
	  f near_plane = 0.100000;
		texture = Art\Bitmaps\Decals\b_d_for01-b.%img%;
	  f vertical_meters = 4.000000;
	}
	[t:decal,n:*]
	{
		decal_orientation = 0.000000,-1.000000,0.000000,0.000003,-1.000000,0.000000,0.000000,-1.000000,0.000000;
		decal_origin = -3.296608,3.000004,0.063942,0xFD797C4D;
	  f far_plane = 1.100000;
	  x guid = 0x37534CB6;
	  f horizontal_meters = 4.000000;
	  f lod = 1.000000;
	  f near_plane = 0.100000;
		texture = Art\Bitmaps\Decals\b_d_dirt-a.%img%;
	  f vertical_meters = 4.000000;
	}
	[t:decal,n:*]
	{
		decal_orientation = -1.000000,0.000000,0.000000,0.000000,0.000000,-1.000000,0.000000,-1.000000,0.000000;
		decal_origin = -1.653358,1.000176,0.452103,0x0A48BDEF;
	  f far_plane = 1.100000;
	  x guid = 0x95F88803;
	  f horizontal_meters = 4.000000;
	  f lod = 1.000000;
	  f near_plane = 0.100000;
		texture = Art\Bitmaps\Decals\b_d_dirt-a.%img%;
	  f vertical_meters = 4.000000;
	}
	[t:decal,n:*]
	{
		decal_orientation = 0.000000,-1.000000,0.000000,0.000000,0.000000,-1.000000,1.000000,0.000000,0.000000;
		decal_origin = 3.119904,0.999999,2.112343,0x930E9120;
	  f far_plane = 1.100000;
	  x guid = 0x1BFB7169;
	  f horizontal_meters = 4.000000;
	  f lod = 1.000000;
	  f near_plane = 0.100000;
		texture = Art\Bitmaps\Decals\b_d_dirt-a.%img%;
	  f vertical_meters = 4.000000;
	}
	[t:decal,n:*]
	{
		decal_orientation = 0.000000,-1.000000,0.000000,0.000000,0.000000,-1.000000,1.000000,0.000000,0.000000;
		decal_origin = -5.717560,0.950002,-1.569977,0x6E40555A;
	  f far_plane = 1.100000;
	  x guid = 0xB2FC9C40;
	  f horizontal_meters = 4.000000;
	  f lod = 1.000000;
	  f near_plane = 0.100000;
		texture = Art\Bitmaps\Decals\b_d_dirt-a.%img%;
	  f vertical_meters = 4.000000;
	}
	[t:decal,n:*]
	{
		decal_orientation = 0.000000,-1.000000,0.000000,0.000000,0.000000,-1.000000,1.000000,0.000000,0.000000;
		decal_origin = 6.093452,12.950002,1.689871,0xE05666B8;
	  f far_plane = 1.100000;
	  x guid = 0xA26AD6FA;
	  f horizontal_meters = 4.000000;
	  f lod = 1.000000;
	  f near_plane = 0.100000;
		texture = Art\Bitmaps\Decals\b_d_dirt-a.%img%;
	  f vertical_meters = 4.000000;
	}
	[t:decal,n:*]
	{
		decal_orientation = 0.000000,-1.000000,0.000000,0.000000,0.000000,-1.000000,1.000000,0.000000,0.000000;
		decal_origin = 4.145338,12.950001,2.396512,0xE05666B8;
	  f far_plane = 1.100000;
	  x guid = 0xF5F93B52;
	  f horizontal_meters = 4.000000;
	  f lod = 1.000000;
	  f near_plane = 0.100000;
		texture = Art\Bitmaps\Decals\b_d_dirt-a.%img%;
	  f vertical_meters = 4.000000;
	}
	[t:decal,n:*]
	{
		decal_orientation = 0.203217,0.976269,0.074851,0.000000,0.076446,-0.997074,-0.979134,0.202622,0.015535;
		decal_origin = -7.870033,13.007746,7.794754,0xE05666B8;
	  f far_plane = 1.100000;
	  x guid = 0x3854FA11;
	  f horizontal_meters = 4.000000;
	  f lod = 1.000000;
	  f near_plane = 0.100000;
		texture = Art\Bitmaps\Decals\b_d_dirt-a.%img%;
	  f vertical_meters = 4.000000;
	}
	[t:decal,n:*]
	{
		decal_orientation = 0.996309,0.085375,0.008962,0.000000,0.104402,-0.994535,-0.085845,0.990864,0.104016;
		decal_origin = -5.764671,-3.115015,9.282959,0xE05666B8;
	  f far_plane = 1.100000;
	  x guid = 0x5B8BAC00;
	  f horizontal_meters = 3.000000;
	  f lod = 1.000000;
	  f near_plane = 0.100000;
		texture = Art\Bitmaps\Decals\b_d_blood.%img%;
	  f vertical_meters = 3.000000;
	}
	[t:decal,n:*]
	{
		decal_orientation = -0.948683,-0.315975,-0.012648,0.000000,0.039997,-0.999200,0.316228,-0.947924,-0.037944;
		decal_origin = -4.969368,-3.373400,11.514830,0xE05666B8;
	  f far_plane = 1.100000;
	  x guid = 0x8D368A21;
	  f horizontal_meters = 2.000000;
	  f lod = 1.000000;
	  f near_plane = 0.100000;
		texture = Art\Bitmaps\Decals\b_d_blood.%img%;
	  f vertical_meters = 2.000000;
	}
	[t:decal,n:*]
	{
		decal_orientation = -0.484639,0.763109,0.427539,0.000000,0.488775,-0.872410,-0.874714,-0.422804,-0.236880;
		decal_origin = 3.948326,-3.172653,13.340870,0xE05666B8;
	  f far_plane = 1.100000;
	  x guid = 0x180EC59C;
	  f horizontal_meters = 3.000000;
	  f lod = 1.000000;
	  f near_plane = 0.100000;
		texture = Art\Bitmaps\Decals\b_d_blood.%img%;
	  f vertical_meters = 3.000000;
	}
	[t:decal,n:*]
	{
		decal_orientation = 0.776114,0.616086,0.134481,0.000000,0.213261,-0.976995,-0.630593,0.758260,0.165514;
		decal_origin = 1.114952,-3.490349,3.377777,0xE05666B8;
	  f far_plane = 1.100000;
	  x guid = 0x599B42D4;
	  f horizontal_meters = 2.000000;
	  f lod = 1.000000;
	  f near_plane = 0.100000;
		texture = Art\Bitmaps\Decals\b_d_blood.%img%;
	  f vertical_meters = 2.000000;
	}
	[t:decal,n:*]
	{
		decal_orientation = 0.000000,-1.000000,0.000000,0.000000,0.000000,-1.000000,1.000000,0.000000,0.000000;
		decal_origin = -0.347289,1.000000,0.365861,0x93714B91;
	  f far_plane = 1.100000;
	  x guid = 0x7F07D065;
	  f horizontal_meters = 4.000000;
	  f lod = 1.000000;
	  f near_plane = 0.100000;
		texture = Art\Bitmaps\Decals\b_d_dirt-a.%img%;
	  f vertical_meters = 4.000000;
	}
	[t:decal,n:*]
	{
		decal_orientation = 1.000000,0.000000,0.000000,0.000000,0.067642,-0.997710,0.000000,0.997710,0.067642;
		decal_origin = -9.687849,12.995830,9.304628,0x0FED12DE;
	  f far_plane = 1.100000;
	  x guid = 0xEA0FEAC3;
	  f horizontal_meters = 4.000000;
	  f lod = 1.000000;
	  f near_plane = 0.100000;
		texture = Art\Bitmaps\Decals\b_d_dirt-a.%img%;
	  f vertical_meters = 4.000000;
	}
	[t:decal,n:*]
	{
		decal_orientation = 0.000000,-1.000000,0.000000,0.000000,0.000000,-1.000000,1.000000,0.000000,0.000000;
		decal_origin = 0.132050,1.000000,-1.925453,0x4F8B5C7B;
	  f far_plane = 1.100000;
	  x guid = 0x471E4435;
	  f horizontal_meters = 4.000000;
	  f lod = 1.000000;
	  f near_plane = 0.100000;
		texture = Art\Bitmaps\Decals\b_d_dirt-a.%img%;
	  f vertical_meters = 4.000000;
	}
	[t:decal,n:*]
	{
		decal_orientation = 0.000000,-1.000000,0.000000,0.000000,0.000000,-1.000000,1.000000,0.000000,0.000000;
		decal_origin = -1.251352,1.773957,3.781010,0xB8E16EF7;
	  f far_plane = 1.100000;
	  x guid = 0x81A93E3D;
	  f horizontal_meters = 4.000000;
	  f lod = 1.000000;
	  f near_plane = 0.100000;
		texture = Art\Bitmaps\Decals\b_d_dirt-a.%img%;
	  f vertical_meters = 4.000000;
	}
	[t:decal,n:*]
	{
		decal_orientation = 0.048082,0.851321,0.522438,0.000000,0.523043,-0.852306,-0.998843,0.040980,0.025149;
		decal_origin = 0.463874,-0.670284,-1.344480,0xABD9CD7F;
	  f far_plane = 1.100000;
	  x guid = 0x6BC4E852;
	  f horizontal_meters = 3.000000;
	  f lod = 1.000000;
	  f near_plane = 0.100000;
		texture = Art\Bitmaps\Decals\b_d_burnt-wood-a.%img%;
	  f vertical_meters = 3.000000;
	}
	[t:decal,n:*]
	{
		decal_orientation = 0.048083,0.851321,0.522438,0.000000,0.523043,-0.852307,-0.998843,0.040981,0.025149;
		decal_origin = 1.199269,-0.127356,0.172199,0xABD9CD7F;
	  f far_plane = 1.100000;
	  x guid = 0x1C2DE36D;
	  f horizontal_meters = 4.000000;
	  f lod = 1.000000;
	  f near_plane = 0.100000;
		texture = Art\Bitmaps\Decals\b_d_burnt-wood-a.%img%;
	  f vertical_meters = 4.000000;
	}
}
