[decals]
{
	[t:decal,n:*]
	{
		decal_orientation = -0.083045,-0.996099,-0.029837,0.000000,0.029941,-0.999552,0.996546,-0.083008,-0.002486;
		decal_origin = 0.302744,-10.136344,-9.078476,0x42B6C1AE;
	  f far_plane = 1.100000;
	  x guid = 0x0A4CFE47;
	  f horizontal_meters = 4.000000;
	  f lod = 1.000000;
	  f near_plane = 0.100000;
		texture = Art\Bitmaps\Decals\b_d_snow-a.%img%;
	  f vertical_meters = 4.000000;
	}
	[t:decal,n:*]
	{
		decal_orientation = 0.991882,-0.125266,-0.021890,0.000000,0.172143,-0.985072,0.127164,0.977075,0.170746;
		decal_origin = 0.155831,-10.233675,-10.661732,0x42B6C1AE;
	  f far_plane = 1.100000;
	  x guid = 0x928A94D0;
	  f horizontal_meters = 4.000000;
	  f lod = 1.000000;
	  f near_plane = 0.100000;
		texture = Art\Bitmaps\Decals\b_d_snow-a.%img%;
	  f vertical_meters = 4.000000;
	}
	[t:decal,n:*]
	{
		decal_orientation = 0.581238,0.809292,0.084900,0.000000,0.104334,-0.994542,-0.813734,0.578066,0.060643;
		decal_origin = 0.311945,-10.703306,-7.116581,0x42B6C1AE;
	  f far_plane = 1.100000;
	  x guid = 0xB95C903E;
	  f horizontal_meters = 4.000000;
	  f lod = 1.000000;
	  f near_plane = 0.100000;
		texture = Art\Bitmaps\Decals\b_d_snow-a.%img%;
	  f vertical_meters = 4.000000;
	}
	[t:decal,n:*]
	{
		decal_orientation = -0.581238,-0.582968,-0.567724,0.000000,0.697677,-0.716412,0.813734,-0.416406,-0.405517;
		decal_origin = -0.289553,-10.679219,-7.252016,0x42B6C1AE;
	  f far_plane = 1.100000;
	  x guid = 0xEF876DB5;
	  f horizontal_meters = 4.000000;
	  f lod = 1.000000;
	  f near_plane = 0.100000;
		texture = Art\Bitmaps\Decals\b_d_snow-a.%img%;
	  f vertical_meters = 4.000000;
	}
	[t:decal,n:*]
	{
		decal_orientation = -0.926093,-0.329848,-0.183174,0.000000,0.485492,-0.874241,0.377296,-0.809628,-0.449610;
		decal_origin = -1.288555,-10.489085,-7.131367,0x42B6C1AE;
	  f far_plane = 1.100000;
	  x guid = 0xCDAA422C;
	  f horizontal_meters = 4.000000;
	  f lod = 1.000000;
	  f near_plane = 0.100000;
		texture = Art\Bitmaps\Decals\b_d_snow-a.%img%;
	  f vertical_meters = 4.000000;
	}
	[t:decal,n:*]
	{
		decal_orientation = -0.814667,0.546809,0.193177,0.000000,0.333105,-0.942890,-0.579929,-0.768141,-0.271369;
		decal_origin = 0.480294,-10.521255,-7.755148,0x42B6C1AE;
	  f far_plane = 1.100000;
	  x guid = 0xFB61A44D;
	  f horizontal_meters = 4.000000;
	  f lod = 1.000000;
	  f near_plane = 0.100000;
		texture = Art\Bitmaps\Decals\b_d_snow-a.%img%;
	  f vertical_meters = 4.000000;
	}
	[t:decal,n:*]
	{
		decal_orientation = -0.978264,-0.158238,-0.134015,0.000000,0.646284,-0.763097,0.207363,-0.746510,-0.632236;
		decal_origin = -0.142927,-10.646663,-7.622967,0x42B6C1AE;
	  f far_plane = 1.100000;
	  x guid = 0x0A3F58A0;
	  f horizontal_meters = 4.000000;
	  f lod = 1.000000;
	  f near_plane = 0.100000;
		texture = Art\Bitmaps\Decals\b_d_snow-a.%img%;
	  f vertical_meters = 4.000000;
	}
	[t:decal,n:*]
	{
		decal_orientation = -1.000000,0.000000,0.000000,0.000000,0.287348,-0.957826,0.000000,-0.957826,-0.287348;
		decal_origin = -1.288701,-10.706088,-4.499603,0x42B6C1AE;
	  f far_plane = 1.100000;
	  x guid = 0x2DBCA700;
	  f horizontal_meters = 4.000000;
	  f lod = 1.000000;
	  f near_plane = 0.100000;
		texture = Art\Bitmaps\Decals\b_d_snow-a.%img%;
	  f vertical_meters = 4.000000;
	}
	[t:decal,n:*]
	{
		decal_orientation = -0.999688,0.024969,0.001192,0.000000,0.047693,-0.998862,-0.024997,-0.998550,-0.047678;
		decal_origin = -0.980635,-10.557945,-5.836706,0x42B6C1AE;
	  f far_plane = 1.100000;
	  x guid = 0x23E4E837;
	  f horizontal_meters = 4.000000;
	  f lod = 1.000000;
	  f near_plane = 0.100000;
		texture = Art\Bitmaps\Decals\b_d_snow-a.%img%;
	  f vertical_meters = 4.000000;
	}
	[t:decal,n:*]
	{
		decal_orientation = -0.152059,0.969311,0.193171,0.000000,0.195443,-0.980715,-0.988371,-0.149126,-0.029719;
		decal_origin = 0.305529,-10.496629,-5.776444,0x42B6C1AE;
	  f far_plane = 1.100000;
	  x guid = 0x216B1EB4;
	  f horizontal_meters = 4.000000;
	  f lod = 1.000000;
	  f near_plane = 0.100000;
		texture = Art\Bitmaps\Decals\b_d_snow-a.%img%;
	  f vertical_meters = 4.000000;
	}
	[t:decal,n:*]
	{
		decal_orientation = -0.972806,-0.226406,-0.048874,0.000000,0.211010,-0.977484,0.231621,-0.950902,-0.205272;
		decal_origin = -1.571072,-10.822531,-3.885151,0x42B6C1AE;
	  f far_plane = 1.100000;
	  x guid = 0x269B2CD3;
	  f horizontal_meters = 4.000000;
	  f lod = 1.000000;
	  f near_plane = 0.100000;
		texture = Art\Bitmaps\Decals\b_d_snow-a.%img%;
	  f vertical_meters = 4.000000;
	}
	[t:decal,n:*]
	{
		decal_orientation = -0.989950,0.135342,0.041015,0.000000,0.290021,-0.957020,-0.141421,-0.947402,-0.287106;
		decal_origin = 0.982871,-10.549131,-4.737592,0x42B6C1AE;
	  f far_plane = 1.100000;
	  x guid = 0x4145A450;
	  f horizontal_meters = 4.000000;
	  f lod = 1.000000;
	  f near_plane = 0.100000;
		texture = Art\Bitmaps\Decals\b_d_snow-a.%img%;
	  f vertical_meters = 4.000000;
	}
	[t:decal,n:*]
	{
		decal_orientation = -0.985887,0.160414,0.047909,0.000000,0.286169,-0.958179,-0.167415,-0.944656,-0.282131;
		decal_origin = 0.307190,-10.831297,-4.032934,0x42B6C1AE;
	  f far_plane = 1.100000;
	  x guid = 0x8E1A3474;
	  f horizontal_meters = 4.000000;
	  f lod = 1.000000;
	  f near_plane = 0.100000;
		texture = Art\Bitmaps\Decals\b_d_snow-a.%img%;
	  f vertical_meters = 4.000000;
	}
}
