[decals]
{
	[t:decal,n:*]
	{
		decal_orientation = 0.049938,-0.936438,-0.347262,0.000000,0.347696,-0.937607,0.998752,0.046822,0.017363;
		decal_origin = 0.048136,1.065343,1.627550,0x7801FB8D;
	  f far_plane = 1.400000;
	  x guid = 0x6289C1E2;
	  f horizontal_meters = 5.090909;
	  f lod = 1.000000;
	  f near_plane = 0.100000;
		texture = Art\Bitmaps\Decals\b_d_dirt-a.%img%;
	  f vertical_meters = 5.090909;
	}
	[t:decal,n:*]
	{
		decal_orientation = -0.038433,-0.967266,-0.250839,0.000000,0.251024,-0.967981,0.999261,-0.037202,-0.009648;
		decal_origin = -2.412832,1.804195,2.101976,0x7801FB8D;
	  f far_plane = 1.400000;
	  x guid = 0xE75A5059;
	  f horizontal_meters = 3.818182;
	  f lod = 1.000000;
	  f near_plane = 0.100000;
		texture = Art\Bitmaps\Decals\b_d_dirt-a.%img%;
	  f vertical_meters = 3.818182;
	}
	[t:decal,n:*]
	{
		decal_orientation = -0.171341,0.961438,0.215128,0.000000,0.218357,-0.975869,-0.985212,-0.167207,-0.037414;
		decal_origin = 1.637167,1.547979,2.232605,0x9E297752;
	  f far_plane = 1.400000;
	  x guid = 0x301AB52E;
	  f horizontal_meters = 5.090909;
	  f lod = 1.000000;
	  f near_plane = 0.100000;
		texture = Art\Bitmaps\Decals\b_d_dirt-a.%img%;
	  f vertical_meters = 5.090909;
	}
	[t:decal,n:*]
	{
		decal_orientation = -0.171341,0.961438,0.215128,-0.271560,0.163810,-0.948378,-0.947047,-0.220916,0.233021;
		decal_origin = -0.351045,0.580819,0.312245,0x9E297752;
	  f far_plane = 1.400000;
	  x guid = 0x2573BFBF;
	  f horizontal_meters = 5.090909;
	  f lod = 1.000000;
	  f near_plane = 0.100000;
		texture = Art\Bitmaps\Decals\b_d_dirt-a.%img%;
	  f vertical_meters = 5.090909;
	}
	[t:decal,n:*]
	{
		decal_orientation = 1.000000,0.000000,0.000000,0.000000,0.447214,-0.894427,0.000000,0.894427,0.447214;
		decal_origin = 3.609354,0.681917,-0.888237,0x322D4BE3;
	  f far_plane = 1.100000;
	  x guid = 0x453FF674;
	  f horizontal_meters = 2.000000;
	  f lod = 1.000000;
	  f near_plane = 0.100000;
		texture = Art\Bitmaps\Decals\b_d_dirt-a.%img%;
	  f vertical_meters = 2.000000;
	}
	[t:decal,n:*]
	{
		decal_orientation = 1.000000,0.000000,0.000000,0.000000,0.196116,-0.980581,0.000000,0.980581,0.196116;
		decal_origin = 3.609642,1.532853,1.025239,0x322D4BE3;
	  f far_plane = 1.100000;
	  x guid = 0x9E25C805;
	  f horizontal_meters = 2.000000;
	  f lod = 1.000000;
	  f near_plane = 0.100000;
		texture = Art\Bitmaps\Decals\b_d_dirt-a.%img%;
	  f vertical_meters = 2.000000;
	}
	[t:decal,n:*]
	{
		decal_orientation = 1.000000,0.000000,0.000000,0.000000,0.447214,-0.894427,0.000000,0.894427,0.447214;
		decal_origin = 3.459246,1.143695,0.035318,0x322D4BE3;
	  f far_plane = 1.100000;
	  x guid = 0x0DF76A7D;
	  f horizontal_meters = 2.000000;
	  f lod = 1.000000;
	  f near_plane = 0.100000;
		texture = Art\Bitmaps\Decals\b_d_dirt-a.%img%;
	  f vertical_meters = 2.000000;
	}
	[t:decal,n:*]
	{
		decal_orientation = 1.000000,0.000000,0.000000,0.000000,0.447214,-0.894427,0.000000,0.894427,0.447214;
		decal_origin = -3.584846,1.133796,0.015520,0x1D0F4665;
	  f far_plane = 1.100000;
	  x guid = 0x297DEC28;
	  f horizontal_meters = 2.000000;
	  f lod = 1.000000;
	  f near_plane = 0.100000;
		texture = Art\Bitmaps\Decals\b_d_dirt-a.%img%;
	  f vertical_meters = 2.000000;
	}
	[t:decal,n:*]
	{
		decal_orientation = 1.000000,0.000000,0.000000,0.000000,0.447214,-0.894427,0.000000,0.894427,0.447214;
		decal_origin = -3.185922,0.689838,-0.872398,0x1D0F4665;
	  f far_plane = 1.100000;
	  x guid = 0x8590F7F2;
	  f horizontal_meters = 2.000000;
	  f lod = 1.000000;
	  f near_plane = 0.100000;
		texture = Art\Bitmaps\Decals\b_d_dirt-a.%img%;
	  f vertical_meters = 2.000000;
	}
	[t:decal,n:*]
	{
		decal_orientation = 0.000000,0.894427,0.447214,0.000000,0.447214,-0.894427,-1.000000,0.000000,0.000000;
		decal_origin = -0.694986,0.778625,-2.749329,0xEBBF1B85;
	  f far_plane = 1.100000;
	  x guid = 0x162FD5E3;
	  f horizontal_meters = 2.000000;
	  f lod = 1.000000;
	  f near_plane = 0.100000;
		texture = Art\Bitmaps\Decals\b_d_dirt-a.%img%;
	  f vertical_meters = 2.000000;
	}
	[t:decal,n:*]
	{
		decal_orientation = 0.000000,0.910366,0.413803,0.000000,0.413803,-0.910366,-1.000000,0.000000,0.000000;
		decal_origin = -1.104405,0.585679,-2.435632,0xEBBF1B85;
	  f far_plane = 1.100000;
	  x guid = 0x90E7D9AD;
	  f horizontal_meters = 2.000000;
	  f lod = 1.000000;
	  f near_plane = 0.100000;
		texture = Art\Bitmaps\Decals\b_d_dirt-a.%img%;
	  f vertical_meters = 2.000000;
	}
	[t:decal,n:*]
	{
		decal_orientation = 0.000000,0.894427,0.447214,0.000000,0.447214,-0.894427,-1.000000,0.000000,0.000000;
		decal_origin = -0.329780,0.961227,-1.732257,0xEBBF1B85;
	  f far_plane = 1.100000;
	  x guid = 0xC3BFF2E7;
	  f horizontal_meters = 2.000000;
	  f lod = 1.000000;
	  f near_plane = 0.100000;
		texture = Art\Bitmaps\Decals\b_d_dirt-a.%img%;
	  f vertical_meters = 2.000000;
	}
	[t:decal,n:*]
	{
		decal_orientation = 0.325555,0.887883,0.325082,0.000000,0.343812,-0.939039,-0.945523,0.305708,0.111929;
		decal_origin = -1.225602,0.537796,-1.097556,0xEBBF1B85;
	  f far_plane = 1.100000;
	  x guid = 0x43E5D4C3;
	  f horizontal_meters = 2.000000;
	  f lod = 1.000000;
	  f near_plane = 0.100000;
		texture = Art\Bitmaps\Decals\b_d_dirt-a.%img%;
	  f vertical_meters = 2.000000;
	}
	[t:decal,n:*]
	{
		decal_orientation = 0.000000,-0.894427,-0.447214,0.000000,0.447214,-0.894427,1.000000,0.000000,0.000000;
		decal_origin = 1.031997,0.610119,2.702968,0x2BE820F3;
	  f far_plane = 1.100000;
	  x guid = 0x137B3ECA;
	  f horizontal_meters = 2.000000;
	  f lod = 1.000000;
	  f near_plane = 0.100000;
		texture = Art\Bitmaps\Decals\b_d_dirt-a.%img%;
	  f vertical_meters = 2.000000;
	}
	[t:decal,n:*]
	{
		decal_orientation = 0.000000,-0.928477,-0.371391,0.000000,0.371391,-0.928477,1.000000,0.000000,0.000000;
		decal_origin = -0.067508,1.112121,2.744023,0x2BE820F3;
	  f far_plane = 1.100000;
	  x guid = 0x9846999A;
	  f horizontal_meters = 2.000000;
	  f lod = 1.000000;
	  f near_plane = 0.100000;
		texture = Art\Bitmaps\Decals\b_d_dirt-a.%img%;
	  f vertical_meters = 2.000000;
	}
	[t:decal,n:*]
	{
		decal_orientation = 0.000000,-0.894427,-0.447214,0.000000,0.447214,-0.894427,1.000000,0.000000,0.000000;
		decal_origin = 0.453063,0.899589,1.538179,0x2BE820F3;
	  f far_plane = 1.100000;
	  x guid = 0x6C1DB4F1;
	  f horizontal_meters = 2.000000;
	  f lod = 1.000000;
	  f near_plane = 0.100000;
		texture = Art\Bitmaps\Decals\b_d_dirt-a.%img%;
	  f vertical_meters = 2.000000;
	}
	[t:decal,n:*]
	{
		decal_orientation = 0.000000,-0.884918,-0.465746,0.000000,0.465746,-0.884918,1.000000,0.000000,0.000000;
		decal_origin = 0.736247,0.750836,0.689331,0x2BE820F3;
	  f far_plane = 1.100000;
	  x guid = 0x81A24D23;
	  f horizontal_meters = 2.000000;
	  f lod = 1.000000;
	  f near_plane = 0.100000;
		texture = Art\Bitmaps\Decals\b_d_dirt-a.%img%;
	  f vertical_meters = 2.000000;
	}
	[t:decal,n:*]
	{
		decal_orientation = 0.124037,-0.886137,-0.446516,0.000000,0.449991,-0.893033,0.992278,0.110769,0.055815;
		decal_origin = 1.101378,0.560947,0.540346,0x2BE820F3;
	  f far_plane = 1.100000;
	  x guid = 0x6AB1C80F;
	  f horizontal_meters = 2.000000;
	  f lod = 1.000000;
	  f near_plane = 0.100000;
		texture = Art\Bitmaps\Decals\b_d_dirt-a.%img%;
	  f vertical_meters = 2.000000;
	}
	[t:decal,n:*]
	{
		decal_orientation = 0.000000,-0.928477,-0.371391,0.000000,0.371391,-0.928477,1.000000,0.000000,0.000000;
		decal_origin = 0.312439,0.959764,3.833313,0x2BE820F3;
	  f far_plane = 1.100000;
	  x guid = 0x7E69782D;
	  f horizontal_meters = 2.000000;
	  f lod = 1.000000;
	  f near_plane = 0.100000;
		texture = Art\Bitmaps\Decals\b_d_dirt-a.%img%;
	  f vertical_meters = 2.000000;
	}
	[t:decal,n:*]
	{
		decal_orientation = 0.298275,-0.934192,-0.195749,0.000000,0.205084,-0.978744,0.954480,0.291935,0.061172;
		decal_origin = -1.111038,1.505461,3.267181,0x2BE820F3;
	  f far_plane = 1.100000;
	  x guid = 0xCD5CC46F;
	  f horizontal_meters = 2.000000;
	  f lod = 1.000000;
	  f near_plane = 0.100000;
		texture = Art\Bitmaps\Decals\b_d_dirt-a.%img%;
	  f vertical_meters = 2.000000;
	}
	[t:decal,n:*]
	{
		decal_orientation = 0.000000,0.000000,0.000000,0.000000,0.000000,0.000000,0.000000,0.000000,0.000000;
		decal_origin = 11.268524,1.500000,-0.439407,0x1C2FAFCF;
	  f far_plane = 1.100000;
	  x guid = 0xB496E69E;
	  f horizontal_meters = 1.000000;
	  f lod = 1.000000;
	  f near_plane = 0.100000;
		texture = Art\Bitmaps\Decals\b_d_blood.%img%;
	  f vertical_meters = 1.000000;
	}
}
