[decals]
{
	[t:decal,n:*]
	{
		decal_orientation = 0.000000,-1.000000,0.000000,0.000000,0.000000,-1.000000,1.000000,0.000000,0.000000;
		decal_origin = 0.606559,7.000000,1.691868,0xBB0BCCF7;
	  f far_plane = 1.100000;
	  x guid = 0x917D5F24;
	  f horizontal_meters = 3.000000;
	  f lod = 1.000000;
	  f near_plane = 0.100000;
		texture = Art\Bitmaps\Decals\b_d_grs01-a.%img%;
	  f vertical_meters = 3.000000;
	}
	[t:decal,n:*]
	{
		decal_orientation = 0.000000,-1.000000,0.000000,0.000000,0.000000,-1.000000,1.000000,0.000000,0.000000;
		decal_origin = -0.627821,2.950003,1.485550,0x15799A62;
	  f far_plane = 1.100000;
	  x guid = 0xDB6B0D13;
	  f horizontal_meters = 3.000000;
	  f lod = 1.000000;
	  f near_plane = 0.100000;
		texture = Art\Bitmaps\Decals\b_d_grs01-a.%img%;
	  f vertical_meters = 3.000000;
	}
	[t:decal,n:*]
	{
		decal_orientation = 1.000000,0.000000,0.000000,0.000000,0.062378,-0.998053,0.000000,0.998053,0.062378;
		decal_origin = -1.275236,6.887316,1.270279,0xA0A73232;
	  f far_plane = 1.100000;
	  x guid = 0xDF3605F6;
	  f horizontal_meters = 4.000000;
	  f lod = 1.000000;
	  f near_plane = 0.100000;
		texture = Art\Bitmaps\Decals\b_d_grs01-a.%img%;
	  f vertical_meters = 4.000000;
	}
	[t:decal,n:*]
	{
		decal_orientation = 0.000000,-1.000000,0.000000,0.000000,0.000000,-1.000000,1.000000,0.000000,0.000000;
		decal_origin = 0.651559,3.000000,1.833690,0xA81D33DF;
	  f far_plane = 1.100000;
	  x guid = 0xA1E02D92;
	  f horizontal_meters = 2.000000;
	  f lod = 1.000000;
	  f near_plane = 0.100000;
		texture = Art\Bitmaps\Decals\b_d_grs01-a.%img%;
	  f vertical_meters = 2.000000;
	}
	[t:decal,n:*]
	{
		decal_orientation = -1.000000,0.000000,0.000000,0.000000,0.062378,-0.998053,0.000000,-0.998053,-0.062378;
		decal_origin = -0.790556,6.943354,1.847120,0xB400B705;
	  f far_plane = 1.100000;
	  x guid = 0x74F0FFE9;
	  f horizontal_meters = 5.000000;
	  f lod = 1.000000;
	  f near_plane = 0.100000;
		texture = Art\Bitmaps\Decals\b_d_grs01-a.%img%;
	  f vertical_meters = 5.000000;
	}
	[t:decal,n:*]
	{
		decal_orientation = 0.000000,-1.000000,0.000000,0.000000,0.000000,-1.000000,1.000000,0.000000,0.000000;
		decal_origin = -2.591267,0.000001,-3.240791,0xD86D84C6;
	  f far_plane = 1.100000;
	  x guid = 0xD29898CB;
	  f horizontal_meters = 4.000000;
	  f lod = 1.000000;
	  f near_plane = 0.100000;
		texture = Art\Bitmaps\Decals\b_d_dirt-a.%img%;
	  f vertical_meters = 4.000000;
	}
	[t:decal,n:*]
	{
		decal_orientation = 0.000000,1.000000,0.000000,0.000000,0.000000,-1.000000,-1.000000,0.000000,0.000000;
		decal_origin = 1.491516,2.172388,1.505066,0x220AD971;
	  f far_plane = 6.000000;
	  x guid = 0xA81A0291;
	  f horizontal_meters = 5.454546;
	  f lod = 1.000000;
	  f near_plane = 0.100000;
		texture = Art\Bitmaps\Decals\b_d_scorch.%img%;
	  f vertical_meters = 5.454546;
	}
	[t:decal,n:*]
	{
		decal_orientation = 0.000000,1.000000,0.000000,0.000003,-1.000000,0.000000,0.000000,-1.000000,0.000000;
		decal_origin = -1.843078,2.027238,0.772094,0x81F352F5;
	  f far_plane = 1.100000;
	  x guid = 0x2AB14446;
	  f horizontal_meters = 4.000000;
	  f lod = 1.000000;
	  f near_plane = 0.100000;
		texture = Art\Bitmaps\Decals\b_d_for01-b.%img%;
	  f vertical_meters = 4.000000;
	}
	[t:decal,n:*]
	{
		decal_orientation = 0.000000,-1.000000,0.000000,0.000000,0.000000,-1.000000,1.000000,0.000000,0.000000;
		decal_origin = -0.417847,0.999998,-0.401016,0x3F4C6665;
	  f far_plane = 1.100000;
	  x guid = 0xF9FFA933;
	  f horizontal_meters = 4.000000;
	  f lod = 1.000000;
	  f near_plane = 0.100000;
		texture = Art\Bitmaps\Decals\b_d_for01-b.%img%;
	  f vertical_meters = 4.000000;
	}
	[t:decal,n:*]
	{
		decal_orientation = 0.000000,0.980581,0.196116,0.000000,0.196116,-0.980581,-1.000000,0.000000,0.000000;
		decal_origin = 2.105789,1.659451,-3.776825,0xE27E32BC;
	  f far_plane = 1.100000;
	  x guid = 0x7BF5EA03;
	  f horizontal_meters = 4.000000;
	  f lod = 1.000000;
	  f near_plane = 0.100000;
		texture = Art\Bitmaps\Decals\b_d_for01-b.%img%;
	  f vertical_meters = 4.000000;
	}
	[t:decal,n:*]
	{
		decal_orientation = 1.000000,0.000000,0.000000,0.000000,0.000000,-1.000000,0.000000,1.000000,0.000000;
		decal_origin = 1.186783,0.648136,1.739777,0x1158DF57;
	  f far_plane = 1.100000;
	  x guid = 0x455220CD;
	  f horizontal_meters = 4.000000;
	  f lod = 1.000000;
	  f near_plane = 0.100000;
		texture = Art\Bitmaps\Decals\b_d_for01-b.%img%;
	  f vertical_meters = 4.000000;
	}
	[t:decal,n:*]
	{
		decal_orientation = 0.000000,-1.000000,0.000000,0.000000,0.000000,-1.000000,1.000000,0.000000,0.000000;
		decal_origin = 0.231705,0.862274,0.201355,0x1158DF57;
	  f far_plane = 1.100000;
	  x guid = 0x0C259FA3;
	  f horizontal_meters = 4.000000;
	  f lod = 1.000000;
	  f near_plane = 0.100000;
		texture = Art\Bitmaps\Decals\b_d_for01-b.%img%;
	  f vertical_meters = 4.000000;
	}
	[t:decal,n:*]
	{
		decal_orientation = 0.000000,-1.000000,0.000000,0.000003,-1.000000,0.000000,0.000000,-1.000000,0.000000;
		decal_origin = -1.568985,2.000000,-0.428650,0x66862E9F;
	  f far_plane = 1.100000;
	  x guid = 0x9AD5ADC6;
	  f horizontal_meters = 4.000000;
	  f lod = 1.000000;
	  f near_plane = 0.100000;
		texture = Art\Bitmaps\Decals\b_d_for01-b.%img%;
	  f vertical_meters = 4.000000;
	}
	[t:decal,n:*]
	{
		decal_orientation = 0.000000,-1.000000,0.000000,0.000000,0.000000,-1.000000,1.000000,0.000000,0.000000;
		decal_origin = -1.459588,0.624998,-5.637038,0xEA70776B;
	  f far_plane = 1.100000;
	  x guid = 0xB9B389E0;
	  f horizontal_meters = 4.000000;
	  f lod = 1.000000;
	  f near_plane = 0.100000;
		texture = Art\Bitmaps\Decals\b_d_for01-b.%img%;
	  f vertical_meters = 4.000000;
	}
	[t:decal,n:*]
	{
		decal_orientation = 0.000000,-1.000000,0.000000,0.000000,0.000000,-1.000000,1.000000,0.000000,0.000000;
		decal_origin = -4.225021,0.624999,-5.511589,0xEA70776B;
	  f far_plane = 1.100000;
	  x guid = 0x313827B4;
	  f horizontal_meters = 4.000000;
	  f lod = 1.000000;
	  f near_plane = 0.100000;
		texture = Art\Bitmaps\Decals\b_d_for01-b.%img%;
	  f vertical_meters = 4.000000;
	}
	[t:decal,n:*]
	{
		decal_orientation = 0.000000,-1.000000,0.000000,0.000000,0.000000,-1.000000,1.000000,0.000000,0.000000;
		decal_origin = -0.164368,0.999999,-0.394257,0xF3DD101E;
	  f far_plane = 1.100000;
	  x guid = 0x30AC7193;
	  f horizontal_meters = 4.000000;
	  f lod = 1.000000;
	  f near_plane = 0.100000;
		texture = Art\Bitmaps\Decals\b_d_for01-b.%img%;
	  f vertical_meters = 4.000000;
	}
	[t:decal,n:*]
	{
		decal_orientation = 0.000000,0.000000,0.000000,0.000000,-1.000000,0.000000,1.000000,0.000000,0.000000;
		decal_origin = -2.200042,1.000000,-2.428421,0xE6758076;
	  f far_plane = 1.100000;
	  x guid = 0x8BD97EE0;
	  f horizontal_meters = 4.000000;
	  f lod = 1.000000;
	  f near_plane = 0.100000;
		texture = Art\Bitmaps\Decals\b_d_for01-b.%img%;
	  f vertical_meters = 4.000000;
	}
	[t:decal,n:*]
	{
		decal_orientation = 0.000000,-1.000000,0.000000,0.000000,0.000000,-1.000000,1.000000,0.000000,0.000000;
		decal_origin = -2.172119,1.052738,-3.777054,0xE6758076;
	  f far_plane = 1.100000;
	  x guid = 0xB66F7228;
	  f horizontal_meters = 4.000000;
	  f lod = 1.000000;
	  f near_plane = 0.100000;
		texture = Art\Bitmaps\Decals\b_d_for01-b.%img%;
	  f vertical_meters = 4.000000;
	}
	[t:decal,n:*]
	{
		decal_orientation = 0.000000,0.999800,0.019996,0.000000,0.019996,-0.999800,-1.000000,0.000000,0.000000;
		decal_origin = 2.968597,1.106637,-3.596527,0xE6758076;
	  f far_plane = 1.100000;
	  x guid = 0x7C34C11D;
	  f horizontal_meters = 4.000000;
	  f lod = 1.000000;
	  f near_plane = 0.100000;
		texture = Art\Bitmaps\Decals\b_d_for01-b.%img%;
	  f vertical_meters = 4.000000;
	}
	[t:decal,n:*]
	{
		decal_orientation = 0.000000,1.000000,0.000000,0.000000,0.000000,-1.000000,-1.000000,0.000000,0.000000;
		decal_origin = 2.856567,-0.040586,-3.460434,0xF61EF64C;
	  f far_plane = 1.100000;
	  x guid = 0x80B95526;
	  f horizontal_meters = 4.000000;
	  f lod = 1.000000;
	  f near_plane = 0.100000;
		texture = Art\Bitmaps\Decals\b_d_for01-b.%img%;
	  f vertical_meters = 4.000000;
	}
	[t:decal,n:*]
	{
		decal_orientation = -1.000000,0.000000,0.000000,0.000000,0.099504,-0.995037,0.000000,-0.995037,-0.099504;
		decal_origin = -0.015381,-0.021230,-3.708282,0xF61EF64C;
	  f far_plane = 1.100000;
	  x guid = 0xC4E6454F;
	  f horizontal_meters = 4.000000;
	  f lod = 1.000000;
	  f near_plane = 0.100000;
		texture = Art\Bitmaps\Decals\b_d_for01-a.%img%;
	  f vertical_meters = 4.000000;
	}
	[t:decal,n:*]
	{
		decal_orientation = 0.000000,-1.000000,0.000000,0.000000,0.000000,-1.000000,1.000000,0.000000,0.000000;
		decal_origin = -3.549942,1.000000,-1.982498,0x3C2BDE04;
	  f far_plane = 1.100000;
	  x guid = 0xFC8BF371;
	  f horizontal_meters = 4.000000;
	  f lod = 1.000000;
	  f near_plane = 0.100000;
		texture = Art\Bitmaps\Decals\b_d_for01-b.%img%;
	  f vertical_meters = 4.000000;
	}
	[t:decal,n:*]
	{
		decal_orientation = 0.000000,-1.000000,0.000000,0.000000,0.000000,-1.000000,1.000000,0.000000,0.000000;
		decal_origin = -3.575638,0.999998,0.571983,0x3C2BDE04;
	  f far_plane = 1.100000;
	  x guid = 0x6732CE63;
	  f horizontal_meters = 4.000000;
	  f lod = 1.000000;
	  f near_plane = 0.100000;
		texture = Art\Bitmaps\Decals\b_d_for01-b.%img%;
	  f vertical_meters = 4.000000;
	}
	[t:decal,n:*]
	{
		decal_orientation = 0.000000,-1.000000,0.000000,0.000000,0.000000,-1.000000,1.000000,0.000000,0.000000;
		decal_origin = -3.305878,0.999995,-1.271675,0x7DF13CDB;
	  f far_plane = 1.100000;
	  x guid = 0xDAA02CD9;
	  f horizontal_meters = 4.000000;
	  f lod = 1.000000;
	  f near_plane = 0.100000;
		texture = Art\Bitmaps\Decals\b_d_for01-b.%img%;
	  f vertical_meters = 4.000000;
	}
	[t:decal,n:*]
	{
		decal_orientation = 0.000000,-1.000000,0.000000,0.000000,0.000000,-1.000000,1.000000,0.000000,0.000000;
		decal_origin = 3.470200,1.687217,3.383453,0x514C2A33;
	  f far_plane = 1.100000;
	  x guid = 0x5F9015B5;
	  f horizontal_meters = 4.000000;
	  f lod = 1.000000;
	  f near_plane = 0.100000;
		texture = Art\Bitmaps\Decals\b_d_for01-b.%img%;
	  f vertical_meters = 4.000000;
	}
	[t:decal,n:*]
	{
		decal_orientation = 1.000000,0.000000,0.000000,0.000000,0.196116,-0.980581,0.000000,0.980581,0.196116;
		decal_origin = -3.402466,1.233055,1.220230,0x8E7FEB76;
	  f far_plane = 1.100000;
	  x guid = 0x6A6F03C3;
	  f horizontal_meters = 4.000000;
	  f lod = 1.000000;
	  f near_plane = 0.100000;
		texture = Art\Bitmaps\Decals\b_d_for01-b.%img%;
	  f vertical_meters = 4.000000;
	}
	[t:decal,n:*]
	{
		decal_orientation = 0.000000,-1.000000,0.000000,0.000003,-1.000000,0.000000,0.000000,-1.000000,0.000000;
		decal_origin = -3.296608,3.000004,0.063942,0xFD797C4E;
	  f far_plane = 1.100000;
	  x guid = 0x37534CB6;
	  f horizontal_meters = 4.000000;
	  f lod = 1.000000;
	  f near_plane = 0.100000;
		texture = Art\Bitmaps\Decals\b_d_dirt-a.%img%;
	  f vertical_meters = 4.000000;
	}
	[t:decal,n:*]
	{
		decal_orientation = -1.000000,0.000000,0.000000,0.000000,0.000000,-1.000000,0.000000,-1.000000,0.000000;
		decal_origin = -1.653358,1.000176,0.452103,0x0A48BDF0;
	  f far_plane = 1.100000;
	  x guid = 0x95F88803;
	  f horizontal_meters = 4.000000;
	  f lod = 1.000000;
	  f near_plane = 0.100000;
		texture = Art\Bitmaps\Decals\b_d_dirt-a.%img%;
	  f vertical_meters = 4.000000;
	}
	[t:decal,n:*]
	{
		decal_orientation = 0.000000,-1.000000,0.000000,0.000000,0.000000,-1.000000,1.000000,0.000000,0.000000;
		decal_origin = 3.119904,0.999999,2.112343,0x930E9121;
	  f far_plane = 1.100000;
	  x guid = 0x1BFB7169;
	  f horizontal_meters = 4.000000;
	  f lod = 1.000000;
	  f near_plane = 0.100000;
		texture = Art\Bitmaps\Decals\b_d_dirt-a.%img%;
	  f vertical_meters = 4.000000;
	}
	[t:decal,n:*]
	{
		decal_orientation = 0.000000,-1.000000,0.000000,0.000000,0.000000,-1.000000,1.000000,0.000000,0.000000;
		decal_origin = -5.717560,0.950002,-1.569977,0x6E40555B;
	  f far_plane = 1.100000;
	  x guid = 0xB2FC9C40;
	  f horizontal_meters = 4.000000;
	  f lod = 1.000000;
	  f near_plane = 0.100000;
		texture = Art\Bitmaps\Decals\b_d_dirt-a.%img%;
	  f vertical_meters = 4.000000;
	}
	[t:decal,n:*]
	{
		decal_orientation = 0.000000,-1.000000,0.000000,0.000000,0.000000,-1.000000,1.000000,0.000000,0.000000;
		decal_origin = 6.093452,12.950002,1.689871,0xE05666B9;
	  f far_plane = 1.100000;
	  x guid = 0xA26AD6FA;
	  f horizontal_meters = 4.000000;
	  f lod = 1.000000;
	  f near_plane = 0.100000;
		texture = Art\Bitmaps\Decals\b_d_dirt-a.%img%;
	  f vertical_meters = 4.000000;
	}
	[t:decal,n:*]
	{
		decal_orientation = 0.000000,-1.000000,0.000000,0.000000,0.000000,-1.000000,1.000000,0.000000,0.000000;
		decal_origin = 4.145338,12.950001,2.396512,0xE05666B9;
	  f far_plane = 1.100000;
	  x guid = 0xF5F93B52;
	  f horizontal_meters = 4.000000;
	  f lod = 1.000000;
	  f near_plane = 0.100000;
		texture = Art\Bitmaps\Decals\b_d_dirt-a.%img%;
	  f vertical_meters = 4.000000;
	}
	[t:decal,n:*]
	{
		decal_orientation = 0.203217,0.976269,0.074851,0.000000,0.076446,-0.997074,-0.979134,0.202622,0.015535;
		decal_origin = -7.870033,13.007746,7.794754,0xE05666B9;
	  f far_plane = 1.100000;
	  x guid = 0x3854FA11;
	  f horizontal_meters = 4.000000;
	  f lod = 1.000000;
	  f near_plane = 0.100000;
		texture = Art\Bitmaps\Decals\b_d_dirt-a.%img%;
	  f vertical_meters = 4.000000;
	}
	[t:decal,n:*]
	{
		decal_orientation = 0.000000,-1.000000,0.000000,0.000000,0.000000,-1.000000,1.000000,0.000000,0.000000;
		decal_origin = -0.347289,1.000000,0.365861,0x93714B92;
	  f far_plane = 1.100000;
	  x guid = 0x7F07D065;
	  f horizontal_meters = 4.000000;
	  f lod = 1.000000;
	  f near_plane = 0.100000;
		texture = Art\Bitmaps\Decals\b_d_dirt-a.%img%;
	  f vertical_meters = 4.000000;
	}
	[t:decal,n:*]
	{
		decal_orientation = 1.000000,0.000000,0.000000,0.000000,0.067642,-0.997710,0.000000,0.997710,0.067642;
		decal_origin = -9.687849,12.995830,9.304628,0x0FED12DF;
	  f far_plane = 1.100000;
	  x guid = 0xEA0FEAC3;
	  f horizontal_meters = 4.000000;
	  f lod = 1.000000;
	  f near_plane = 0.100000;
		texture = Art\Bitmaps\Decals\b_d_dirt-a.%img%;
	  f vertical_meters = 4.000000;
	}
	[t:decal,n:*]
	{
		decal_orientation = 0.000000,-1.000000,0.000000,0.000000,0.000000,-1.000000,1.000000,0.000000,0.000000;
		decal_origin = 0.132050,1.000000,-1.925453,0x4F8B5C7C;
	  f far_plane = 1.100000;
	  x guid = 0x471E4435;
	  f horizontal_meters = 4.000000;
	  f lod = 1.000000;
	  f near_plane = 0.100000;
		texture = Art\Bitmaps\Decals\b_d_dirt-a.%img%;
	  f vertical_meters = 4.000000;
	}
	[t:decal,n:*]
	{
		decal_orientation = 0.000000,-1.000000,0.000000,0.000000,0.000000,-1.000000,1.000000,0.000000,0.000000;
		decal_origin = -1.251352,1.773957,3.781010,0xB8E16EF8;
	  f far_plane = 1.100000;
	  x guid = 0x81A93E3D;
	  f horizontal_meters = 4.000000;
	  f lod = 1.000000;
	  f near_plane = 0.100000;
		texture = Art\Bitmaps\Decals\b_d_dirt-a.%img%;
	  f vertical_meters = 4.000000;
	}
	[t:decal,n:*]
	{
		decal_orientation = 0.000000,-1.000000,0.000000,0.000000,0.000000,-1.000000,1.000000,0.000000,0.000000;
		decal_origin = -1.074419,7.000000,1.858243,0xBB0BCCF7;
	  f far_plane = 1.100000;
	  x guid = 0x3C874CC2;
	  f horizontal_meters = 4.000000;
	  f lod = 1.000000;
	  f near_plane = 0.100000;
		texture = art\bitmaps\decals\b_d_grs01-a.raw;
	  f vertical_meters = 4.000000;
	}
	[t:decal,n:*]
	{
		decal_orientation = -1.000000,0.000000,0.000000,0.000000,0.371391,-0.928477,0.000000,-0.928477,-0.371391;
		decal_origin = 2.692915,6.906646,2.425969,0x0B57951A;
	  f far_plane = 1.100000;
	  x guid = 0xC7196970;
	  f horizontal_meters = 4.000000;
	  f lod = 1.000000;
	  f near_plane = 0.100000;
		texture = art\bitmaps\decals\b_d_grs01-a.raw;
	  f vertical_meters = 4.000000;
	}
	[t:decal,n:*]
	{
		decal_orientation = 0.000000,-0.998371,-0.057050,0.000000,0.057050,-0.998371,1.000000,0.000000,0.000000;
		decal_origin = 0.513961,6.953183,2.073004,0xC6A35E03;
	  f far_plane = 1.100000;
	  x guid = 0xBF8E4014;
	  f horizontal_meters = 4.000000;
	  f lod = 1.000000;
	  f near_plane = 0.100000;
		texture = art\bitmaps\decals\b_d_grs01-a.raw;
	  f vertical_meters = 4.000000;
	}
	[t:decal,n:*]
	{
		decal_orientation = 0.000000,-1.000000,0.000000,0.000000,0.000000,-1.000000,1.000000,0.000000,0.000000;
		decal_origin = -1.927038,7.000000,2.016456,0x0B57951A;
	  f far_plane = 1.100000;
	  x guid = 0x38CE2127;
	  f horizontal_meters = 4.000000;
	  f lod = 1.000000;
	  f near_plane = 0.100000;
		texture = art\bitmaps\decals\b_d_grs01-a.raw;
	  f vertical_meters = 4.000000;
	}
	[t:decal,n:*]
	{
		decal_orientation = 0.000000,-1.000000,0.000000,0.000000,0.000000,-1.000000,1.000000,0.000000,0.000000;
		decal_origin = -1.931231,6.950002,-1.537449,0xCB855D41;
	  f far_plane = 1.100000;
	  x guid = 0x6888E778;
	  f horizontal_meters = 4.000000;
	  f lod = 1.000000;
	  f near_plane = 0.100000;
		texture = art\bitmaps\decals\b_d_grs01-a.raw;
	  f vertical_meters = 4.000000;
	}
	[t:decal,n:*]
	{
		decal_orientation = 0.000000,-1.000000,0.000000,0.000000,0.000000,-1.000000,1.000000,0.000000,0.000000;
		decal_origin = 0.369013,7.000000,1.835299,0x03607200;
	  f far_plane = 1.100000;
	  x guid = 0xCFA75D03;
	  f horizontal_meters = 4.000000;
	  f lod = 1.000000;
	  f near_plane = 0.100000;
		texture = art\bitmaps\decals\b_d_grs01-a.raw;
	  f vertical_meters = 4.000000;
	}
	[t:decal,n:*]
	{
		decal_orientation = 0.996347,0.026309,0.081248,0.000000,0.951366,-0.308064,-0.085401,0.306939,0.947890;
		decal_origin = 0.238320,6.134408,0.568281,0x03607200;
	  f far_plane = 1.100000;
	  x guid = 0xC17893A9;
	  f horizontal_meters = 4.000000;
	  f lod = 1.000000;
	  f near_plane = 0.100000;
		texture = art\bitmaps\decals\b_d_grs01-a.raw;
	  f vertical_meters = 4.000000;
	}
	[t:decal,n:*]
	{
		decal_orientation = 0.577483,-0.174301,-0.797579,0.000000,0.976943,-0.213499,0.816403,0.123292,0.564168;
		decal_origin = -0.755537,5.859641,-1.871504,0xCB855D41;
	  f far_plane = 1.100000;
	  x guid = 0x2257D071;
	  f horizontal_meters = 4.000000;
	  f lod = 1.000000;
	  f near_plane = 0.100000;
		texture = art\bitmaps\decals\b_d_grs01-a.raw;
	  f vertical_meters = 4.000000;
	}
	[t:decal,n:*]
	{
		decal_orientation = -0.996347,-0.026309,-0.081248,0.000000,0.951366,-0.308064,0.085401,-0.306939,-0.947890;
		decal_origin = -2.866894,5.922972,3.529388,0xC6A35E03;
	  f far_plane = 1.100000;
	  x guid = 0x4CD72A91;
	  f horizontal_meters = 4.000000;
	  f lod = 1.000000;
	  f near_plane = 0.100000;
		texture = art\bitmaps\decals\b_d_grs01-a.raw;
	  f vertical_meters = 4.000000;
	}
	[t:decal,n:*]
	{
		decal_orientation = -0.996347,-0.026309,-0.081248,0.000000,0.951366,-0.308064,0.085401,-0.306939,-0.947890;
		decal_origin = -1.009348,6.134290,3.497846,0x0B57951A;
	  f far_plane = 1.100000;
	  x guid = 0x2BEEC430;
	  f horizontal_meters = 4.000000;
	  f lod = 1.000000;
	  f near_plane = 0.100000;
		texture = art\bitmaps\decals\b_d_grs01-a.raw;
	  f vertical_meters = 4.000000;
	}
	[t:decal,n:*]
	{
		decal_orientation = -0.999950,0.003091,0.009510,0.000000,0.951039,-0.309072,-0.009999,-0.309057,-0.950991;
		decal_origin = 1.269737,5.839120,3.516518,0x0B57951A;
	  f far_plane = 1.100000;
	  x guid = 0x258C27CC;
	  f horizontal_meters = 4.000000;
	  f lod = 1.000000;
	  f near_plane = 0.100000;
		texture = art\bitmaps\decals\b_d_grs01-a.raw;
	  f vertical_meters = 4.000000;
	}
	[t:decal,n:*]
	{
		decal_orientation = -0.999950,0.003091,0.009510,0.000000,0.951039,-0.309072,-0.009999,-0.309057,-0.950991;
		decal_origin = 3.199361,5.899295,3.516258,0x0B57951A;
	  f far_plane = 1.100000;
	  x guid = 0xAE732626;
	  f horizontal_meters = 4.000000;
	  f lod = 1.000000;
	  f near_plane = 0.100000;
		texture = art\bitmaps\decals\b_d_grs01-a.raw;
	  f vertical_meters = 4.000000;
	}
	[t:decal,n:*]
	{
		decal_orientation = 0.995037,-0.017070,-0.098029,0.000000,0.985175,-0.171550,0.099504,0.170699,0.980286;
		decal_origin = -6.252260,8.110356,0.365226,0x033DFBB9;
	  f far_plane = 1.100000;
	  x guid = 0xE8FF3702;
	  f horizontal_meters = 4.000000;
	  f lod = 1.000000;
	  f near_plane = 0.100000;
		texture = art\bitmaps\decals\b_d_grs01-a.raw;
	  f vertical_meters = 4.000000;
	}
	[t:decal,n:*]
	{
		decal_orientation = 0.995037,0.017070,0.098029,0.000000,0.985175,-0.171550,-0.099504,0.170699,0.980286;
		decal_origin = -7.979040,8.044005,0.397528,0x033DFBB9;
	  f far_plane = 1.100000;
	  x guid = 0xC4B2E3E3;
	  f horizontal_meters = 4.000000;
	  f lod = 1.000000;
	  f near_plane = 0.100000;
		texture = art\bitmaps\decals\b_d_grs01-a.raw;
	  f vertical_meters = 4.000000;
	}
	[t:decal,n:*]
	{
		decal_orientation = 0.325991,0.941138,0.089381,0.000000,0.094546,-0.995520,-0.945373,0.324530,0.030821;
		decal_origin = 1.670902,7.016601,1.076260,0xBB0BCCF7;
	  f far_plane = 1.100000;
	  x guid = 0xDFB82DD2;
	  f horizontal_meters = 4.000000;
	  f lod = 1.000000;
	  f near_plane = 0.100000;
		texture = art\bitmaps\decals\b_d_grs01-a.raw;
	  f vertical_meters = 4.000000;
	}
	[t:decal,n:*]
	{
		decal_orientation = -0.997559,0.012009,0.068789,0.000000,0.985102,-0.171972,-0.069829,-0.171552,-0.982697;
		decal_origin = 3.092322,5.024391,3.572256,0xC6A35E03;
	  f far_plane = 1.100000;
	  x guid = 0x9F287ECC;
	  f horizontal_meters = 4.000000;
	  f lod = 1.000000;
	  f near_plane = 0.100000;
		texture = art\bitmaps\decals\b_d_grs01-a.raw;
	  f vertical_meters = 4.000000;
	}
}
