[decals]
{
	[t:decal,n:*]
	{
		decal_orientation = 0.707107,-0.707107,0.000000,0.000000,0.000000,-1.000000,0.707107,0.707107,0.000000;
		decal_origin = 3.316854,-8.249999,3.313966,0xD14939A4;
	  f far_plane = 1.100000;
	  x guid = 0x878EE901;
	  f horizontal_meters = 4.000000;
	  f lod = 1.000000;
	  f near_plane = 0.100000;
		texture = Art\Bitmaps\Decals\b_d_blank-hub.%img%;
	  f vertical_meters = 2.100000;
	}
	[t:decal,n:*]
	{
		decal_orientation = 0.000000,-1.000000,0.000000,0.000000,0.000000,-1.000000,1.000000,0.000000,0.000000;
		decal_origin = -0.058187,-8.250000,4.686508,0xD14939A4;
	  f far_plane = 1.100000;
	  x guid = 0x1096B608;
	  f horizontal_meters = 4.000000;
	  f lod = 1.000000;
	  f near_plane = 0.100000;
		texture = Art\Bitmaps\Decals\b_d_blank-hub.%img%;
	  f vertical_meters = 2.100000;
	}
	[t:decal,n:*]
	{
		decal_orientation = 0.707107,0.707107,0.000000,0.000000,0.000000,-1.000000,-0.707107,0.707107,0.000000;
		decal_origin = -3.344683,-8.249999,3.299758,0xD14939A4;
	  f far_plane = 1.100000;
	  x guid = 0x0F4BA040;
	  f horizontal_meters = 4.000000;
	  f lod = 1.000000;
	  f near_plane = 0.100000;
		texture = Art\Bitmaps\Decals\b_d_blank-hub.%img%;
	  f vertical_meters = 2.100000;
	}
	[t:decal,n:*]
	{
		decal_orientation = 1.000000,0.000000,0.000000,0.000000,0.000000,-1.000000,0.000000,1.000000,0.000000;
		decal_origin = -4.694158,-8.250000,0.020957,0xD14939A4;
	  f far_plane = 1.100000;
	  x guid = 0xAF1BAD56;
	  f horizontal_meters = 4.000000;
	  f lod = 1.000000;
	  f near_plane = 0.100000;
		texture = Art\Bitmaps\Decals\b_d_blank-hub.%img%;
	  f vertical_meters = 2.100000;
	}
	[t:decal,n:*]
	{
		decal_orientation = 0.707107,-0.707107,0.000000,0.000000,0.000000,-1.000000,0.707107,0.707107,0.000000;
		decal_origin = -3.337519,-8.250000,-3.295983,0xD14939A4;
	  f far_plane = 1.100000;
	  x guid = 0x2A1BE69E;
	  f horizontal_meters = 4.000000;
	  f lod = 1.000000;
	  f near_plane = 0.100000;
		texture = Art\Bitmaps\Decals\b_d_blank-hub.%img%;
	  f vertical_meters = 2.100000;
	}
	[t:decal,n:*]
	{
		decal_orientation = 0.000000,-1.000000,0.000000,0.000000,0.000000,-1.000000,1.000000,0.000000,0.000000;
		decal_origin = 0.037653,-8.250000,-4.689249,0xD14939A4;
	  f far_plane = 1.100000;
	  x guid = 0xD9FDFF55;
	  f horizontal_meters = 4.000000;
	  f lod = 1.000000;
	  f near_plane = 0.100000;
		texture = Art\Bitmaps\Decals\b_d_blank-hub.%img%;
	  f vertical_meters = 2.100000;
	}
	[t:decal,n:*]
	{
		decal_orientation = 0.707107,0.707107,0.000000,0.000000,0.000000,-1.000000,-0.707107,0.707107,0.000000;
		decal_origin = 3.353123,-8.250001,-3.289532,0xD14939A4;
	  f far_plane = 1.100000;
	  x guid = 0xE3042361;
	  f horizontal_meters = 4.000000;
	  f lod = 1.000000;
	  f near_plane = 0.100000;
		texture = Art\Bitmaps\Decals\b_d_blank-hub.%img%;
	  f vertical_meters = 2.100000;
	}
	[t:decal,n:*]
	{
		decal_orientation = 1.000000,0.000000,0.000000,0.000000,0.000000,-1.000000,0.000000,1.000000,0.000000;
		decal_origin = 4.685759,-8.250000,-0.027689,0xD14939A4;
	  f far_plane = 1.100000;
	  x guid = 0x1D787A89;
	  f horizontal_meters = 4.000000;
	  f lod = 1.000000;
	  f near_plane = 0.100000;
		texture = Art\Bitmaps\Decals\b_d_blank-hub.%img%;
	  f vertical_meters = 2.100000;
	}
	[t:decal,n:*]
	{
		decal_orientation = 0.000000,-1.000000,0.000000,0.000000,0.000000,-1.000000,1.000000,0.000000,0.000000;
		decal_origin = 0.043685,0.436691,-0.005946,0xD14939A4;
	  f far_plane = 8.000000;
	  x guid = 0x69E22077;
	  f horizontal_meters = 5.400000;
	  f lod = 1.000000;
	  f near_plane = 0.100000;
		texture = Art\Bitmaps\Decals\b_d_black-marble-circle.%img%;
	  f vertical_meters = 5.400000;
	}
	[t:decal,n:*]
	{
		decal_orientation = 0.000000,-1.000000,0.000000,0.000000,0.000000,-1.000000,1.000000,0.000000,0.000000;
		decal_origin = 0.119761,1.398997,-0.055191,0xFB248B44;
	  f far_plane = 1.300000;
	  x guid = 0x3126DFD8;
	  f horizontal_meters = 4.727273;
	  f lod = 1.000000;
	  f near_plane = 0.100000;
		texture = Art\Bitmaps\Decals\b_d_burnt-wood-a.%img%;
	  f vertical_meters = 4.727273;
	}
	[t:decal,n:*]
	{
		decal_orientation = 0.000000,-1.000000,0.000000,0.000000,0.000000,-1.000000,1.000000,0.000000,0.000000;
		decal_origin = -0.068019,1.179731,0.044555,0xFB248B44;
	  f far_plane = 1.100000;
	  x guid = 0xFA240F8B;
	  f horizontal_meters = 4.000000;
	  f lod = 1.000000;
	  f near_plane = 0.100000;
		texture = Art\Bitmaps\Decals\b_d_dust-a.%img%;
	  f vertical_meters = 4.000000;
	}
	[t:decal,n:*]
	{
		decal_orientation = -1.000000,0.000000,0.000000,0.000000,0.000000,-1.000000,0.000000,-1.000000,0.000000;
		decal_origin = 0.223833,1.100000,-0.059530,0xFB248B44;
	  f far_plane = 1.100000;
	  x guid = 0x3342FCC6;
	  f horizontal_meters = 4.000000;
	  f lod = 1.000000;
	  f near_plane = 0.100000;
		texture = Art\Bitmaps\Decals\b_d_crack.%img%;
	  f vertical_meters = 4.000000;
	}
	[t:decal,n:*]
	{
		decal_orientation = 0.000000,-1.000000,0.000000,0.000000,0.000000,-1.000000,1.000000,0.000000,0.000000;
		decal_origin = 0.070147,1.387991,-0.052327,0xB00DDB77;
	  f far_plane = 1.300000;
	  x guid = 0x816D9E64;
	  f horizontal_meters = 4.727273;
	  f lod = 1.000000;
	  f near_plane = 0.100000;
		texture = Art\Bitmaps\Decals\b_d_burnt-wood-a.%img%;
	  f vertical_meters = 4.727273;
	}
	[t:decal,n:*]
	{
		decal_orientation = 0.000000,-1.000000,0.000000,0.000000,0.000000,-1.000000,1.000000,0.000000,0.000000;
		decal_origin = 0.090226,1.186199,-0.017190,0xB00DDB77;
	  f far_plane = 1.100000;
	  x guid = 0x7C5FE444;
	  f horizontal_meters = 4.000000;
	  f lod = 1.000000;
	  f near_plane = 0.100000;
		texture = Art\Bitmaps\Decals\b_d_dust-a.%img%;
	  f vertical_meters = 4.000000;
	}
	[t:decal,n:*]
	{
		decal_orientation = -0.707107,-0.707107,0.000000,0.000000,0.000000,-1.000000,0.707107,-0.707107,0.000000;
		decal_origin = 0.168335,1.099999,-0.051081,0xB00DDB77;
	  f far_plane = 1.100000;
	  x guid = 0x2F55982B;
	  f horizontal_meters = 4.000000;
	  f lod = 1.000000;
	  f near_plane = 0.100000;
		texture = Art\Bitmaps\Decals\b_d_crack.%img%;
	  f vertical_meters = 4.000000;
	}
	[t:decal,n:*]
	{
		decal_orientation = 0.000000,-1.000000,0.000000,0.000000,0.000000,-1.000000,1.000000,0.000000,0.000000;
		decal_origin = 0.120419,1.392268,-0.028545,0x3C74733B;
	  f far_plane = 1.300000;
	  x guid = 0x5B480949;
	  f horizontal_meters = 4.727273;
	  f lod = 1.000000;
	  f near_plane = 0.100000;
		texture = Art\Bitmaps\Decals\b_d_burnt-wood-a.%img%;
	  f vertical_meters = 4.727273;
	}
	[t:decal,n:*]
	{
		decal_orientation = 0.000000,-1.000000,0.000000,0.000000,0.000000,-1.000000,1.000000,0.000000,0.000000;
		decal_origin = 0.090354,1.188696,-0.101137,0x3C74733B;
	  f far_plane = 1.100000;
	  x guid = 0xA7773B0F;
	  f horizontal_meters = 4.000000;
	  f lod = 1.000000;
	  f near_plane = 0.100000;
		texture = Art\Bitmaps\Decals\b_d_dust-a.%img%;
	  f vertical_meters = 4.000000;
	}
	[t:decal,n:*]
	{
		decal_orientation = -0.707107,-0.707107,0.000000,0.000000,0.000000,-1.000000,0.707107,-0.707107,0.000000;
		decal_origin = 0.198050,1.179424,-0.149402,0x3C74733B;
	  f far_plane = 1.100000;
	  x guid = 0x5CCF94D2;
	  f horizontal_meters = 4.000000;
	  f lod = 1.000000;
	  f near_plane = 0.100000;
		texture = Art\Bitmaps\Decals\b_d_crack.%img%;
	  f vertical_meters = 4.000000;
	}
	[t:decal,n:*]
	{
		decal_orientation = 0.000000,-1.000000,0.000000,0.000000,0.000000,-1.000000,1.000000,0.000000,0.000000;
		decal_origin = 0.110382,1.386753,-0.026896,0x417EFE23;
	  f far_plane = 1.300000;
	  x guid = 0xD869F20A;
	  f horizontal_meters = 4.727273;
	  f lod = 1.000000;
	  f near_plane = 0.100000;
		texture = Art\Bitmaps\Decals\b_d_burnt-wood-a.%img%;
	  f vertical_meters = 4.727273;
	}
	[t:decal,n:*]
	{
		decal_orientation = 0.000000,-1.000000,0.000000,0.000000,0.000000,-1.000000,1.000000,0.000000,0.000000;
		decal_origin = 0.075083,1.193974,-0.047239,0x417EFE23;
	  f far_plane = 1.100000;
	  x guid = 0xD448EE40;
	  f horizontal_meters = 4.000000;
	  f lod = 1.000000;
	  f near_plane = 0.100000;
		texture = Art\Bitmaps\Decals\b_d_dust-a.%img%;
	  f vertical_meters = 4.000000;
	}
	[t:decal,n:*]
	{
		decal_orientation = -1.000000,0.000000,0.000000,0.000000,0.000000,-1.000000,0.000000,-1.000000,0.000000;
		decal_origin = 0.039464,1.177309,-0.183474,0x417EFE23;
	  f far_plane = 1.100000;
	  x guid = 0xB2209244;
	  f horizontal_meters = 4.000000;
	  f lod = 1.000000;
	  f near_plane = 0.100000;
		texture = Art\Bitmaps\Decals\b_d_crack.%img%;
	  f vertical_meters = 4.000000;
	}
	[t:decal,n:*]
	{
		decal_orientation = 0.000000,-1.000000,0.000000,0.000000,0.000000,-1.000000,1.000000,0.000000,0.000000;
		decal_origin = 0.175464,1.382606,0.046501,0xA9CAB56E;
	  f far_plane = 1.300000;
	  x guid = 0xC8CCB866;
	  f horizontal_meters = 4.727273;
	  f lod = 1.000000;
	  f near_plane = 0.100000;
		texture = Art\Bitmaps\Decals\b_d_burnt-wood-a.%img%;
	  f vertical_meters = 4.727273;
	}
	[t:decal,n:*]
	{
		decal_orientation = -0.707107,-0.707107,0.000000,0.000000,0.000000,-1.000000,0.707107,-0.707107,0.000000;
		decal_origin = 0.202433,1.100000,-0.132758,0xA9CAB56E;
	  f far_plane = 1.100000;
	  x guid = 0xEE0152C3;
	  f horizontal_meters = 4.000000;
	  f lod = 1.000000;
	  f near_plane = 0.100000;
		texture = Art\Bitmaps\Decals\b_d_crack.%img%;
	  f vertical_meters = 4.000000;
	}
	[t:decal,n:*]
	{
		decal_orientation = 0.707107,-0.707107,0.000000,0.000000,0.000000,-1.000000,0.707107,0.707107,0.000000;
		decal_origin = 0.009705,1.197056,0.116429,0xA9CAB56E;
	  f far_plane = 1.100000;
	  x guid = 0x501DDD08;
	  f horizontal_meters = 4.000000;
	  f lod = 1.000000;
	  f near_plane = 0.100000;
		texture = Art\Bitmaps\Decals\b_d_dust-a.%img%;
	  f vertical_meters = 4.000000;
	}
	[t:decal,n:*]
	{
		decal_orientation = 0.000000,-1.000000,0.000000,0.000000,0.000000,-1.000000,1.000000,0.000000,0.000000;
		decal_origin = 0.151468,1.399718,-0.005162,0x0BF53F4F;
	  f far_plane = 1.300000;
	  x guid = 0x2E1F7EFB;
	  f horizontal_meters = 4.727273;
	  f lod = 1.000000;
	  f near_plane = 0.100000;
		texture = Art\Bitmaps\Decals\b_d_burnt-wood-a.%img%;
	  f vertical_meters = 4.727273;
	}
	[t:decal,n:*]
	{
		decal_orientation = 1.000000,0.000000,0.000000,0.000000,0.000000,-1.000000,0.000000,1.000000,0.000000;
		decal_origin = 0.024083,1.197453,-0.041322,0x0BF53F4F;
	  f far_plane = 1.100000;
	  x guid = 0xE71AA878;
	  f horizontal_meters = 4.000000;
	  f lod = 1.000000;
	  f near_plane = 0.100000;
		texture = Art\Bitmaps\Decals\b_d_dust-a.%img%;
	  f vertical_meters = 4.000000;
	}
	[t:decal,n:*]
	{
		decal_orientation = -0.707107,0.707107,0.000000,0.000000,0.000000,-1.000000,-0.707107,-0.707107,0.000000;
		decal_origin = 0.116883,1.100001,0.172932,0x0BF53F4F;
	  f far_plane = 1.100000;
	  x guid = 0x554D7E7F;
	  f horizontal_meters = 4.000000;
	  f lod = 1.000000;
	  f near_plane = 0.100000;
		texture = Art\Bitmaps\Decals\b_d_crack.%img%;
	  f vertical_meters = 4.000000;
	}
	[t:decal,n:*]
	{
		decal_orientation = 0.000000,-1.000000,0.000000,0.000000,0.000000,-1.000000,1.000000,0.000000,0.000000;
		decal_origin = 0.158928,1.394718,0.045488,0xEACF22F7;
	  f far_plane = 1.300000;
	  x guid = 0x90E0D0F1;
	  f horizontal_meters = 4.727273;
	  f lod = 1.000000;
	  f near_plane = 0.100000;
		texture = Art\Bitmaps\Decals\b_d_burnt-wood-a.%img%;
	  f vertical_meters = 4.727273;
	}
	[t:decal,n:*]
	{
		decal_orientation = 0.000000,1.000000,0.000000,0.000000,0.000000,-1.000000,-1.000000,0.000000,0.000000;
		decal_origin = 0.007262,1.189891,0.042070,0xEACF22F7;
	  f far_plane = 1.100000;
	  x guid = 0xE45F2C61;
	  f horizontal_meters = 4.000000;
	  f lod = 1.000000;
	  f near_plane = 0.100000;
		texture = Art\Bitmaps\Decals\b_d_dust-a.%img%;
	  f vertical_meters = 4.000000;
	}
	[t:decal,n:*]
	{
		decal_orientation = 0.000000,1.000000,0.000000,0.000000,0.000000,-1.000000,-1.000000,0.000000,0.000000;
		decal_origin = -0.032347,1.100001,0.274010,0xEACF22F7;
	  f far_plane = 1.100000;
	  x guid = 0x63F55519;
	  f horizontal_meters = 4.000000;
	  f lod = 1.000000;
	  f near_plane = 0.100000;
		texture = Art\Bitmaps\Decals\b_d_crack.%img%;
	  f vertical_meters = 4.000000;
	}
	[t:decal,n:*]
	{
		decal_orientation = 0.000000,-1.000000,0.000000,0.000000,0.000000,-1.000000,1.000000,0.000000,0.000000;
		decal_origin = 0.100681,1.380825,0.024374,0xC1B7A681;
	  f far_plane = 1.300000;
	  x guid = 0x39A366F1;
	  f horizontal_meters = 4.727273;
	  f lod = 1.000000;
	  f near_plane = 0.100000;
		texture = Art\Bitmaps\Decals\b_d_burnt-wood-a.%img%;
	  f vertical_meters = 4.727273;
	}
	[t:decal,n:*]
	{
		decal_orientation = 0.000000,-1.000000,0.000000,0.000000,0.000000,-1.000000,1.000000,0.000000,0.000000;
		decal_origin = -0.092305,1.180066,-0.030769,0xC1B7A681;
	  f far_plane = 1.100000;
	  x guid = 0xA5DC30AC;
	  f horizontal_meters = 4.000000;
	  f lod = 1.000000;
	  f near_plane = 0.100000;
		texture = Art\Bitmaps\Decals\b_d_dust-a.%img%;
	  f vertical_meters = 4.000000;
	}
	[t:decal,n:*]
	{
		decal_orientation = 0.707106,-0.707107,0.000000,0.000000,0.000001,-1.000000,0.707107,0.707106,0.000000;
		decal_origin = -0.116877,1.182847,-0.086753,0xC1B7A681;
	  f far_plane = 1.100000;
	  x guid = 0xBCD60745;
	  f horizontal_meters = 4.000000;
	  f lod = 1.000000;
	  f near_plane = 0.100000;
		texture = Art\Bitmaps\Decals\b_d_crack.%img%;
	  f vertical_meters = 4.000000;
	}
}
