[decals]
{
	[t:decal,n:*]
	{
		decal_orientation = 0.000000,-1.000000,0.000000,0.000000,0.000000,-1.000000,1.000000,0.000000,0.000000;
		decal_origin = 1.088344,0.000000,-3.118923,0x869EDAE4;
	  f far_plane = 1.100000;
	  x guid = 0x0AE1D2F3;
	  f horizontal_meters = 5.000000;
	  f lod = 1.000000;
	  f near_plane = 0.100000;
		texture = Art\Bitmaps\Decals\b_d_dirt-a.%img%;
	  f vertical_meters = 5.000000;
	}
	[t:decal,n:*]
	{
		decal_orientation = 0.000000,-1.000000,0.000000,0.000000,0.000000,-1.000000,1.000000,0.000000,0.000000;
		decal_origin = -1.892154,0.000001,-3.092434,0x869EDAE4;
	  f far_plane = 1.100000;
	  x guid = 0x06332D92;
	  f horizontal_meters = 5.000000;
	  f lod = 1.000000;
	  f near_plane = 0.100000;
		texture = Art\Bitmaps\Decals\b_d_dirt-a.%img%;
	  f vertical_meters = 5.000000;
	}
	[t:decal,n:*]
	{
		decal_orientation = 0.707106,-0.707107,0.000000,0.000000,0.000001,-1.000000,0.707107,0.707106,0.000000;
		decal_origin = -2.952103,-0.150000,3.720673,0x84E2BC53;
	  f far_plane = 1.100000;
	  x guid = 0xC60319D0;
	  f horizontal_meters = 5.000000;
	  f lod = 1.000000;
	  f near_plane = 0.100000;
		texture = Art\Bitmaps\Decals\b_d_dirt-a.%img%;
	  f vertical_meters = 5.000000;
	}
	[t:decal,n:*]
	{
		decal_orientation = 0.923880,-0.382683,0.000000,0.000000,0.000001,-1.000000,0.382683,0.923880,0.000001;
		decal_origin = -1.791122,0.000002,-1.549812,0x507F6F68;
	  f far_plane = 1.100000;
	  x guid = 0xF2BCE545;
	  f horizontal_meters = 4.000000;
	  f lod = 1.000000;
	  f near_plane = 0.100000;
		texture = Art\Bitmaps\Decals\b_d_dirt-a.%img%;
	  f vertical_meters = 4.000000;
	}
	[t:decal,n:*]
	{
		decal_orientation = 0.000000,-1.000000,0.000000,0.000000,0.000000,-1.000000,1.000000,0.000000,0.000000;
		decal_origin = 1.465092,1.000000,1.711922,0xB39BEA1E;
	  f far_plane = 1.100000;
	  x guid = 0xA8B0F371;
	  f horizontal_meters = 3.000000;
	  f lod = 1.000000;
	  f near_plane = 0.100000;
		texture = Art\Bitmaps\Decals\b_d_scorch.%img%;
	  f vertical_meters = 3.000000;
	}
	[t:decal,n:*]
	{
		decal_orientation = 0.000000,-1.000000,0.000000,0.000000,0.000000,-1.000000,1.000000,0.000000,0.000000;
		decal_origin = -0.305489,0.000001,-2.608791,0x8F504481;
	  f far_plane = 1.100000;
	  x guid = 0x27799CE2;
	  f horizontal_meters = 5.000000;
	  f lod = 1.000000;
	  f near_plane = 0.100000;
		texture = Art\Bitmaps\Decals\b_d_grs01-a.%img%;
	  f vertical_meters = 5.000000;
	}
	[t:decal,n:*]
	{
		decal_orientation = 0.707107,-0.707107,0.000000,0.000000,0.000000,-1.000000,0.707107,0.707107,0.000000;
		decal_origin = 3.512375,0.000001,1.021286,0x992F1451;
	  f far_plane = 1.100000;
	  x guid = 0x8EADA0F3;
	  f horizontal_meters = 5.000000;
	  f lod = 1.000000;
	  f near_plane = 0.100000;
		texture = Art\Bitmaps\Decals\b_d_dirt-a.%img%;
	  f vertical_meters = 5.000000;
	}
	[t:decal,n:*]
	{
		decal_orientation = -0.382684,-0.923880,0.000000,0.000000,0.000000,-1.000000,0.923880,-0.382683,0.000000;
		decal_origin = 2.174957,0.000000,-2.875381,0x8A0A6D49;
	  f far_plane = 1.100000;
	  x guid = 0x00F80896;
	  f horizontal_meters = 7.000000;
	  f lod = 1.000000;
	  f near_plane = 0.100000;
		texture = Art\Bitmaps\Decals\b_d_dirt-a.%img%;
	  f vertical_meters = 7.000000;
	}
	[t:decal,n:*]
	{
		decal_orientation = 0.000000,-1.000000,0.000000,0.000000,0.000000,-1.000000,1.000000,0.000000,0.000000;
		decal_origin = 1.162740,1.000000,-0.027668,0xA8B7EA0E;
	  f far_plane = 1.100000;
	  x guid = 0xAFEEF17A;
	  f horizontal_meters = 1.500000;
	  f lod = 1.000000;
	  f near_plane = 0.100000;
		texture = Art\Bitmaps\Decals\b_d_scorch.%img%;
	  f vertical_meters = 1.500000;
	}
	[t:decal,n:*]
	{
		decal_orientation = 0.000000,-1.000000,0.000000,0.000000,0.000000,-1.000000,1.000000,0.000000,0.000000;
		decal_origin = 1.605605,1.000000,1.187435,0xF3C9B372;
	  f far_plane = 1.100000;
	  x guid = 0xCDA84852;
	  f horizontal_meters = 1.500000;
	  f lod = 1.000000;
	  f near_plane = 0.100000;
		texture = Art\Bitmaps\Decals\b_d_scorch.%img%;
	  f vertical_meters = 1.500000;
	}
}
