[decals]
{
	[t:decal,n:*]
	{
		decal_orientation = 0.000000,-1.000000,0.000000,0.000000,0.000000,-1.000000,1.000000,0.000000,0.000000;
		decal_origin = 7.102335,4.250000,-7.229733,0xF3CD0F4C;
	  f far_plane = 1.100000;
	  x guid = 0xB4E06CE0;
	  f horizontal_meters = 4.000000;
	  f lod = 1.000000;
	  f near_plane = 0.100000;
		texture = art\bitmaps\decals\b_d_sand-desert.raw;
	  f vertical_meters = 4.000000;
	}
	[t:decal,n:*]
	{
		decal_orientation = 0.000000,-0.997199,-0.074790,0.000000,0.074790,-0.997199,1.000000,0.000000,0.000000;
		decal_origin = 7.391610,4.154145,-9.672989,0xF3CD0F4C;
	  f far_plane = 1.100000;
	  x guid = 0xAB3FFB19;
	  f horizontal_meters = 4.000000;
	  f lod = 1.000000;
	  f near_plane = 0.100000;
		texture = art\bitmaps\decals\b_d_sand-desert.raw;
	  f vertical_meters = 4.000000;
	}
	[t:decal,n:*]
	{
		decal_orientation = 0.948683,0.315244,0.024922,0.000000,0.078811,-0.996890,-0.316227,0.945733,0.074767;
		decal_origin = 3.093844,4.146216,-10.981766,0xF3CD0F4C;
	  f far_plane = 1.100000;
	  x guid = 0x141C3D6C;
	  f horizontal_meters = 4.000000;
	  f lod = 1.000000;
	  f near_plane = 0.100000;
		texture = art\bitmaps\decals\b_d_sand-desert.raw;
	  f vertical_meters = 4.000000;
	}
	[t:decal,n:*]
	{
		decal_orientation = 0.000000,0.997199,0.074790,-0.000000,0.074790,-0.997199,-1.000000,0.000000,0.000000;
		decal_origin = 5.226189,4.108523,-11.171692,0xF3CD0F4C;
	  f far_plane = 1.100000;
	  x guid = 0x008F94D0;
	  f horizontal_meters = 4.000000;
	  f lod = 1.000000;
	  f near_plane = 0.100000;
		texture = art\bitmaps\decals\b_d_sand-desert.raw;
	  f vertical_meters = 4.000000;
	}
	[t:decal,n:*]
	{
		decal_orientation = -0.950871,-0.205113,-0.231889,0.000000,0.749028,-0.662539,0.309586,-0.629989,-0.712229;
		decal_origin = 4.831851,0.730639,-14.112021,0x59F49179;
	  f far_plane = 1.100000;
	  x guid = 0xC54AF0B2;
	  f horizontal_meters = 4.000000;
	  f lod = 1.000000;
	  f near_plane = 0.100000;
		texture = art\bitmaps\decals\b_d_sand-desert.raw;
	  f vertical_meters = 4.000000;
	}
	[t:decal,n:*]
	{
		decal_orientation = 0.998460,0.050571,0.022792,0.000000,0.410891,-0.911685,-0.055470,0.910281,0.410258;
		decal_origin = 2.084753,0.036635,27.173323,0x2857115C;
	  f far_plane = 1.100000;
	  x guid = 0x35AB1629;
	  f horizontal_meters = 4.000000;
	  f lod = 1.000000;
	  f near_plane = 0.100000;
		texture = art\bitmaps\decals\b_d_sand-desert.raw;
	  f vertical_meters = 4.000000;
	}
	[t:decal,n:*]
	{
		decal_orientation = -0.832050,0.449921,0.324443,0.000000,0.584898,-0.811107,-0.554700,-0.674882,-0.486664;
		decal_origin = 4.802103,-0.495747,31.219988,0x2857115C;
	  f far_plane = 1.100000;
	  x guid = 0x4C9CD64F;
	  f horizontal_meters = 4.000000;
	  f lod = 1.000000;
	  f near_plane = 0.100000;
		texture = art\bitmaps\decals\b_d_sand-desert.raw;
	  f vertical_meters = 4.000000;
	}
	[t:decal,n:*]
	{
		decal_orientation = 0.045408,0.875102,0.481803,0.000000,0.482301,-0.876006,-0.998968,0.039777,0.021900;
		decal_origin = 8.468401,0.767787,-8.788589,0x59F49179;
	  f far_plane = 1.100000;
	  x guid = 0xC0C8753B;
	  f horizontal_meters = 4.000000;
	  f lod = 1.000000;
	  f near_plane = 0.100000;
		texture = art\bitmaps\decals\b_d_sand-desert.raw;
	  f vertical_meters = 4.000000;
	}
	[t:decal,n:*]
	{
		decal_orientation = 0.832050,-0.545900,-0.098414,0.000000,0.177418,-0.984136,0.554700,0.818850,0.147620;
		decal_origin = 13.128927,2.008481,-12.660764,0x59F49179;
	  f far_plane = 1.100000;
	  x guid = 0x71FF7EB4;
	  f horizontal_meters = 4.000000;
	  f lod = 1.000000;
	  f near_plane = 0.100000;
		texture = art\bitmaps\decals\b_d_sand-desert.raw;
	  f vertical_meters = 4.000000;
	}
	[t:decal,n:*]
	{
		decal_orientation = 0.086208,-0.966193,-0.242981,0.000000,0.243889,-0.969803,0.996277,0.083605,0.021025;
		decal_origin = 2.654087,0.284621,14.483027,0x2857115C;
	  f far_plane = 1.100000;
	  x guid = 0xFE51FF37;
	  f horizontal_meters = 4.000000;
	  f lod = 1.000000;
	  f near_plane = 0.100000;
		texture = art\bitmaps\decals\b_d_sand-desert.raw;
	  f vertical_meters = 4.000000;
	}
	[t:decal,n:*]
	{
		decal_orientation = 0.000000,-1.000000,-0.000000,0.000000,0.000000,-1.000000,1.000000,0.000000,0.000000;
		decal_origin = 4.149008,-0.100000,19.145084,0x2857115C;
	  f far_plane = 1.100000;
	  x guid = 0xC3767BEC;
	  f horizontal_meters = 4.000000;
	  f lod = 1.000000;
	  f near_plane = 0.100000;
		texture = art\bitmaps\decals\b_d_sand-desert.raw;
	  f vertical_meters = 4.000000;
	}
	[t:decal,n:*]
	{
		decal_orientation = -0.998461,0.050571,0.022792,-0.000000,0.410891,-0.911685,-0.055470,-0.910281,-0.410258;
		decal_origin = 1.525283,0.096286,-12.838623,0x59F49179;
	  f far_plane = 1.100000;
	  x guid = 0x17769F01;
	  f horizontal_meters = 4.000000;
	  f lod = 1.000000;
	  f near_plane = 0.100000;
		texture = art\bitmaps\decals\b_d_sand-desert.raw;
	  f vertical_meters = 4.000000;
	}
	[t:decal,n:*]
	{
		decal_orientation = 0.847998,0.432652,0.306122,0.000000,0.577591,-0.816327,-0.529999,0.692244,0.489796;
		decal_origin = 1.359509,-0.060375,27.507147,0x2857115C;
	  f far_plane = 1.100000;
	  x guid = 0x63C3007C;
	  f horizontal_meters = 4.000000;
	  f lod = 1.000000;
	  f near_plane = 0.100000;
		texture = art\bitmaps\decals\b_d_sand-desert.raw;
	  f vertical_meters = 4.000000;
	}
	[t:decal,n:*]
	{
		decal_orientation = -0.976187,-0.211388,-0.048723,0.000000,0.224600,-0.974451,0.216930,-0.951247,-0.219251;
		decal_origin = 2.609596,0.155624,28.675173,0x2857115C;
	  f far_plane = 1.100000;
	  x guid = 0xCEADE8BE;
	  f horizontal_meters = 4.000000;
	  f lod = 1.000000;
	  f near_plane = 0.100000;
		texture = art\bitmaps\decals\b_d_sand-desert.raw;
	  f vertical_meters = 4.000000;
	}
	[t:decal,n:*]
	{
		decal_orientation = -0.496142,-0.851125,-0.171550,0.000000,0.197583,-0.980286,0.868241,-0.486361,-0.098029;
		decal_origin = 3.361430,0.013434,28.207994,0x2857115C;
	  f far_plane = 1.100000;
	  x guid = 0x86E5F047;
	  f horizontal_meters = 4.000000;
	  f lod = 1.000000;
	  f near_plane = 0.100000;
		texture = art\bitmaps\decals\b_d_sand-desert.raw;
	  f vertical_meters = 4.000000;
	}
	[t:decal,n:*]
	{
		decal_orientation = 0.000000,-1.000000,0.000000,0.000000,0.000000,-1.000000,1.000000,0.000000,0.000000;
		decal_origin = 1.824816,1.000000,-0.183879,0x5C31A121;
	  f far_plane = 1.100000;
	  x guid = 0x0766C0B6;
	  f horizontal_meters = 4.000000;
	  f lod = 1.000000;
	  f near_plane = 0.100000;
		texture = art\bitmaps\decals\b_d_sand-desert.raw;
	  f vertical_meters = 4.000000;
	}
	[t:decal,n:*]
	{
		decal_orientation = -0.989950,0.139262,0.024618,0.000000,0.174078,-0.984732,-0.141421,-0.974835,-0.172328;
		decal_origin = 10.567345,4.057344,-3.015208,0xF3CD0F4C;
	  f far_plane = 1.100000;
	  x guid = 0x4CFC0260;
	  f horizontal_meters = 4.000000;
	  f lod = 1.000000;
	  f near_plane = 0.100000;
		texture = art\bitmaps\decals\b_d_sand-desert.raw;
	  f vertical_meters = 4.000000;
	}
	[t:decal,n:*]
	{
		decal_orientation = 0.810679,0.511912,0.284157,0.000000,0.485332,-0.874330,-0.585490,0.708801,0.393449;
		decal_origin = 10.595543,4.251783,-0.523335,0xF3CD0F4C;
	  f far_plane = 1.100000;
	  x guid = 0x9FF36E38;
	  f horizontal_meters = 4.000000;
	  f lod = 1.000000;
	  f near_plane = 0.100000;
		texture = art\bitmaps\decals\b_d_sand-desert.raw;
	  f vertical_meters = 4.000000;
	}
	[t:decal,n:*]
	{
		decal_orientation = 0.894427,-0.416463,-0.162967,0.000000,0.364405,-0.931240,0.447214,0.832927,0.325934;
		decal_origin = 15.880011,2.011395,-5.835321,0x59F49179;
	  f far_plane = 1.100000;
	  x guid = 0xA813C0DF;
	  f horizontal_meters = 4.000000;
	  f lod = 1.000000;
	  f near_plane = 0.100000;
		texture = art\bitmaps\decals\b_d_sand-desert.raw;
	  f vertical_meters = 4.000000;
	}
	[t:decal,n:*]
	{
		decal_orientation = -0.813733,0.533943,0.229658,0.000000,0.395118,-0.918631,-0.581238,-0.747520,-0.321521;
		decal_origin = 17.637312,5.782255,-0.241002,0xF3CD0F4C;
	  f far_plane = 1.100000;
	  x guid = 0x1639AB81;
	  f horizontal_meters = 4.000000;
	  f lod = 1.000000;
	  f near_plane = 0.100000;
		texture = art\bitmaps\decals\b_d_sand-desert.raw;
	  f vertical_meters = 4.000000;
	}
	[t:decal,n:*]
	{
		decal_orientation = -0.980581,0.183178,0.070052,0.000000,0.357197,-0.934029,-0.196116,-0.915891,-0.350261;
		decal_origin = 17.335829,4.883509,2.243393,0xF3CD0F4C;
	  f far_plane = 1.100000;
	  x guid = 0x0418B573;
	  f horizontal_meters = 4.000000;
	  f lod = 1.000000;
	  f near_plane = 0.100000;
		texture = art\bitmaps\decals\b_d_sand-desert.raw;
	  f vertical_meters = 4.000000;
	}
	[t:decal,n:*]
	{
		decal_orientation = 0.980581,-0.183178,-0.070052,0.000000,0.357197,-0.934029,0.196116,0.915891,0.350261;
		decal_origin = 15.473906,0.911087,-8.682915,0x59F49179;
	  f far_plane = 1.100000;
	  x guid = 0xF5F90152;
	  f horizontal_meters = 4.000000;
	  f lod = 1.000000;
	  f near_plane = 0.100000;
		texture = art\bitmaps\decals\b_d_sand-desert.raw;
	  f vertical_meters = 4.000000;
	}
	[t:decal,n:*]
	{
		decal_orientation = -0.257663,0.900774,0.349594,0.000000,0.361811,-0.932252,-0.966235,-0.240206,-0.093225;
		decal_origin = 8.169056,0.232136,-12.557232,0x59F49179;
	  f far_plane = 1.100000;
	  x guid = 0xAAEE046D;
	  f horizontal_meters = 4.000000;
	  f lod = 1.000000;
	  f near_plane = 0.100000;
		texture = art\bitmaps\decals\b_d_sand-desert.raw;
	  f vertical_meters = 4.000000;
	}
	[t:decal,n:*]
	{
		decal_orientation = -0.242536,0.965029,0.099473,0.000000,0.102534,-0.994729,-0.970143,-0.241257,-0.024868;
		decal_origin = 5.977197,0.295667,-5.807877,0x59F49179;
	  f far_plane = 1.100000;
	  x guid = 0x847877AC;
	  f horizontal_meters = 4.000000;
	  f lod = 1.000000;
	  f near_plane = 0.100000;
		texture = art\bitmaps\decals\b_d_sand-desert.raw;
	  f vertical_meters = 4.000000;
	}
	[t:decal,n:*]
	{
		decal_orientation = 0.877896,0.456957,0.143141,0.000000,0.298926,-0.954276,-0.478852,0.837755,0.262426;
		decal_origin = 5.061502,-0.286454,-9.615688,0x59F49179;
	  f far_plane = 1.100000;
	  x guid = 0xA34465A5;
	  f horizontal_meters = 4.000000;
	  f lod = 1.000000;
	  f near_plane = 0.100000;
		texture = art\bitmaps\decals\b_d_sand-desert.raw;
	  f vertical_meters = 4.000000;
	}
}
