[decals]
{
	[t:decal,n:*]
	{
		decal_orientation = 0.000000,-1.000000,0.000000,0.000000,0.000000,-1.000000,1.000000,0.000000,0.000000;
		decal_origin = 0.871462,1.000000,1.310067,0xFDEA7532;
	  f far_plane = 1.100000;
	  x guid = 0xAC09838C;
	  f horizontal_meters = 4.000000;
	  f lod = 1.000000;
	  f near_plane = 0.100000;
		texture = Art\Bitmaps\Decals\b_d_grs01-a.%img%;
	  f vertical_meters = 4.000000;
	}
	[t:decal,n:*]
	{
		decal_orientation = 0.000000,-1.000000,0.000000,0.000000,0.000000,-1.000000,1.000000,0.000000,0.000000;
		decal_origin = 0.938787,1.000000,-1.014521,0xFDEA7532;
	  f far_plane = 1.100000;
	  x guid = 0x7EADE31D;
	  f horizontal_meters = 4.000000;
	  f lod = 1.000000;
	  f near_plane = 0.100000;
		texture = Art\Bitmaps\Decals\b_d_grs01-a.%img%;
	  f vertical_meters = 4.000000;
	}
	[t:decal,n:*]
	{
		decal_orientation = 0.000000,0.992352,0.123436,0.000000,0.123436,-0.992352,-1.000000,0.000000,0.000000;
		decal_origin = -0.053835,-0.998990,-5.859118,0x6B210521;
	  f far_plane = 1.100000;
	  x guid = 0x289CBFEA;
	  f horizontal_meters = 4.000000;
	  f lod = 1.000000;
	  f near_plane = 0.100000;
		texture = Art\Bitmaps\Decals\b_d_grs01-a.%img%;
	  f vertical_meters = 4.000000;
	}
	[t:decal,n:*]
	{
		decal_orientation = 0.000000,-1.000000,0.000000,0.000000,0.000000,-1.000000,1.000000,0.000000,0.000000;
		decal_origin = 2.647626,5.000000,1.816506,0x64ACEE97;
	  f far_plane = 1.100000;
	  x guid = 0xFD7CC43E;
	  f horizontal_meters = 4.000000;
	  f lod = 1.000000;
	  f near_plane = 0.100000;
		texture = Art\Bitmaps\Decals\b_d_grs01-a.%img%;
	  f vertical_meters = 4.000000;
	}
	[t:decal,n:*]
	{
		decal_orientation = 0.000000,-1.000000,0.000000,0.000000,0.000000,-1.000000,1.000000,0.000000,0.000000;
		decal_origin = 0.949135,-1.000002,-1.038826,0x58303BE2;
	  f far_plane = 1.100000;
	  x guid = 0x2E4A21AA;
	  f horizontal_meters = 4.000000;
	  f lod = 1.000000;
	  f near_plane = 0.100000;
		texture = Art\Bitmaps\Decals\b_d_grs01-a.%img%;
	  f vertical_meters = 4.000000;
	}
	[t:decal,n:*]
	{
		decal_orientation = 1.000000,0.000000,0.000000,0.000000,0.196116,-0.980581,0.000000,0.980581,0.196116;
		decal_origin = -0.999626,-0.932192,-1.759984,0x58303BE2;
	  f far_plane = 1.100000;
	  x guid = 0x1AB60A23;
	  f horizontal_meters = 4.000000;
	  f lod = 1.000000;
	  f near_plane = 0.100000;
		texture = Art\Bitmaps\Decals\b_d_grs01-a.%img%;
	  f vertical_meters = 4.000000;
	}
	[t:decal,n:*]
	{
		decal_orientation = 0.000000,-1.000000,0.000000,0.000000,0.000000,-1.000000,1.000000,0.000000,0.000000;
		decal_origin = 3.891391,0.350000,3.724439,0xC46D88D6;
	  f far_plane = 1.100000;
	  x guid = 0x14D5253A;
	  f horizontal_meters = 4.000000;
	  f lod = 1.000000;
	  f near_plane = 0.100000;
		texture = Art\Bitmaps\Decals\b_d_grs01-a.%img%;
	  f vertical_meters = 4.000000;
	}
	[t:decal,n:*]
	{
		decal_orientation = 0.000000,0.876216,0.481919,0.000000,0.481919,-0.876216,-1.000000,0.000000,0.000000;
		decal_origin = -5.687701,8.813037,5.333791,0xE8037771;
	  f far_plane = 1.100000;
	  x guid = 0xF2A8993F;
	  f horizontal_meters = 4.000000;
	  f lod = 1.000000;
	  f near_plane = 0.100000;
		texture = Art\Bitmaps\Decals\b_d_grs01-a.%img%;
	  f vertical_meters = 4.000000;
	}
	[t:decal,n:*]
	{
		decal_orientation = 0.000000,0.876216,0.481919,0.000000,0.481919,-0.876216,-1.000000,0.000000,0.000000;
		decal_origin = -5.594900,8.864079,2.962724,0xE8037771;
	  f far_plane = 1.100000;
	  x guid = 0x88654C88;
	  f horizontal_meters = 4.000000;
	  f lod = 1.000000;
	  f near_plane = 0.100000;
		texture = Art\Bitmaps\Decals\b_d_grs01-a.%img%;
	  f vertical_meters = 4.000000;
	}
	[t:decal,n:*]
	{
		decal_orientation = 0.000000,-1.000000,0.000000,0.000000,0.000000,-1.000000,1.000000,0.000000,0.000000;
		decal_origin = -3.810321,1.000000,1.198315,0x59BC80C3;
	  f far_plane = 1.100000;
	  x guid = 0x880FAA0C;
	  f horizontal_meters = 4.000000;
	  f lod = 1.000000;
	  f near_plane = 0.100000;
		texture = Art\Bitmaps\Decals\b_d_grs01-a.%img%;
	  f vertical_meters = 4.000000;
	}
	[t:decal,n:*]
	{
		decal_orientation = 0.000000,-1.000000,0.000000,0.000000,0.000000,-1.000000,1.000000,0.000000,0.000000;
		decal_origin = -3.661819,1.000000,-1.179404,0x59BC80C3;
	  f far_plane = 1.100000;
	  x guid = 0xE343E23C;
	  f horizontal_meters = 4.000000;
	  f lod = 1.000000;
	  f near_plane = 0.100000;
		texture = Art\Bitmaps\Decals\b_d_grs01-a.%img%;
	  f vertical_meters = 4.000000;
	}
	[t:decal,n:*]
	{
		decal_orientation = 0.000000,-1.000000,0.000000,0.000000,0.000000,-1.000000,1.000000,0.000000,0.000000;
		decal_origin = 3.272949,1.000000,-1.244537,0x1E9D91FA;
	  f far_plane = 1.100000;
	  x guid = 0x0AD83D36;
	  f horizontal_meters = 4.000000;
	  f lod = 1.000000;
	  f near_plane = 0.100000;
		texture = Art\Bitmaps\Decals\b_d_grs01-a.%img%;
	  f vertical_meters = 4.000000;
	}
	[t:decal,n:*]
	{
		decal_orientation = 0.000000,-1.000000,0.000000,0.000000,0.000000,-1.000000,1.000000,0.000000,0.000000;
		decal_origin = 1.194229,0.999998,-0.844269,0x1E9D91FA;
	  f far_plane = 1.100000;
	  x guid = 0x91E514C4;
	  f horizontal_meters = 4.000000;
	  f lod = 1.000000;
	  f near_plane = 0.100000;
		texture = Art\Bitmaps\Decals\b_d_grs01-a.%img%;
	  f vertical_meters = 4.000000;
	}
	[t:decal,n:*]
	{
		decal_orientation = 0.995037,-0.097475,-0.019992,0.000000,0.200917,-0.979608,0.099504,0.974747,0.199920;
		decal_origin = -0.159149,0.945642,-1.788486,0x1E9D91FA;
	  f far_plane = 1.100000;
	  x guid = 0x9EDA1080;
	  f horizontal_meters = 4.000000;
	  f lod = 1.000000;
	  f near_plane = 0.100000;
		texture = Art\Bitmaps\Decals\b_d_grs01-a.%img%;
	  f vertical_meters = 4.000000;
	}
	[t:decal,n:*]
	{
		decal_orientation = 0.964764,0.245953,0.093477,0.000000,0.355266,-0.934765,-0.263117,0.901828,0.342748;
		decal_origin = -0.206762,-1.107776,-4.291517,0x0FBF65CA;
	  f far_plane = 1.100000;
	  x guid = 0xD208DD5C;
	  f horizontal_meters = 4.000000;
	  f lod = 1.000000;
	  f near_plane = 0.100000;
		texture = Art\Bitmaps\Decals\b_d_grs01-a.%img%;
	  f vertical_meters = 4.000000;
	}
	[t:decal,n:*]
	{
		decal_orientation = 1.000000,0.000000,0.000000,0.000000,0.196116,-0.980581,0.000000,0.980581,0.196116;
		decal_origin = 3.105239,-1.024840,-3.973222,0x0FBF65CA;
	  f far_plane = 1.100000;
	  x guid = 0x1E0C5037;
	  f horizontal_meters = 4.000000;
	  f lod = 1.000000;
	  f near_plane = 0.100000;
		texture = Art\Bitmaps\Decals\b_d_grs01-a.%img%;
	  f vertical_meters = 4.000000;
	}
	[t:decal,n:*]
	{
		decal_orientation = 0.000000,-1.000000,0.000000,0.000000,0.000000,-1.000000,1.000000,0.000000,0.000000;
		decal_origin = -3.968881,1.000000,1.471174,0x47E52EEE;
	  f far_plane = 1.100000;
	  x guid = 0x6548E493;
	  f horizontal_meters = 4.000000;
	  f lod = 1.000000;
	  f near_plane = 0.100000;
		texture = Art\Bitmaps\Decals\b_d_grs01-a.%img%;
	  f vertical_meters = 4.000000;
	}
	[t:decal,n:*]
	{
		decal_orientation = 0.000000,-1.000000,0.000000,0.000000,0.000000,-1.000000,1.000000,0.000000,0.000000;
		decal_origin = 3.325545,2.950001,3.928090,0x5D574C85;
	  f far_plane = 1.100000;
	  x guid = 0xB372510C;
	  f horizontal_meters = 4.000000;
	  f lod = 1.000000;
	  f near_plane = 0.100000;
		texture = Art\Bitmaps\Decals\b_d_grs01-a.%img%;
	  f vertical_meters = 4.000000;
	}
	[t:decal,n:*]
	{
		decal_orientation = 0.911922,-0.333171,-0.239574,0.000000,0.583809,-0.811891,0.410365,0.740381,0.532388;
		decal_origin = 3.606369,2.469702,2.814667,0x5D574C85;
	  f far_plane = 1.100000;
	  x guid = 0xACD82AFA;
	  f horizontal_meters = 4.000000;
	  f lod = 1.000000;
	  f near_plane = 0.100000;
		texture = Art\Bitmaps\Decals\b_d_grs01-a.%img%;
	  f vertical_meters = 4.000000;
	}
	[t:decal,n:*]
	{
		decal_orientation = 0.000000,-1.000000,0.000000,0.000000,0.000000,-1.000000,1.000000,0.000000,0.000000;
		decal_origin = 2.777174,-1.049999,-3.896248,0x5D574C85;
	  f far_plane = 1.100000;
	  x guid = 0xF46DF569;
	  f horizontal_meters = 4.000000;
	  f lod = 1.000000;
	  f near_plane = 0.100000;
		texture = Art\Bitmaps\Decals\b_d_grs01-a.%img%;
	  f vertical_meters = 4.000000;
	}
	[t:decal,n:*]
	{
		decal_orientation = 1.000000,0.000002,0.000000,0.000000,0.022217,-0.999753,-0.000002,0.999753,0.022217;
		decal_origin = 0.626579,1.598434,-15.998680,0x21CB12FC;
	  f far_plane = 1.100000;
	  x guid = 0x005F3AAE;
	  f horizontal_meters = 4.000000;
	  f lod = 1.000000;
	  f near_plane = 0.100000;
		texture = Art\Bitmaps\Decals\b_d_grs01-a.%img%;
	  f vertical_meters = 4.000000;
	}
	[t:decal,n:*]
	{
		decal_orientation = 1.000000,-0.000001,-0.000000,0.000000,0.022217,-0.999753,0.000001,0.999753,0.022217;
		decal_origin = -0.858154,1.599308,-15.627617,0x21CB12FC;
	  f far_plane = 1.100000;
	  x guid = 0x92343DFE;
	  f horizontal_meters = 4.000000;
	  f lod = 1.000000;
	  f near_plane = 0.100000;
		texture = Art\Bitmaps\Decals\b_d_grs01-a.%img%;
	  f vertical_meters = 4.000000;
	}
	[t:decal,n:*]
	{
		decal_orientation = -1.000000,0.000000,0.000000,0.000000,0.000000,-1.000000,0.000000,-1.000000,0.000000;
		decal_origin = 1.558640,-2.999999,-0.038330,0xE83CE4D7;
	  f far_plane = 1.100000;
	  x guid = 0xCD2A637E;
	  f horizontal_meters = 4.000000;
	  f lod = 1.000000;
	  f near_plane = 0.100000;
		texture = Art\Bitmaps\Decals\b_d_grs01-a.%img%;
	  f vertical_meters = 4.000000;
	}
	[t:decal,n:*]
	{
		decal_orientation = -1.000000,0.000000,0.000000,0.000000,0.000000,-1.000000,0.000000,-1.000000,0.000000;
		decal_origin = 3.134445,0.999998,-0.407249,0xBB3EF580;
	  f far_plane = 1.100000;
	  x guid = 0xBDC21A9F;
	  f horizontal_meters = 4.000000;
	  f lod = 1.000000;
	  f near_plane = 0.100000;
		texture = Art\Bitmaps\Decals\b_d_grs01-a.%img%;
	  f vertical_meters = 4.000000;
	}
	[t:decal,n:*]
	{
		decal_orientation = 0.000000,-1.000000,0.000000,0.000000,0.000000,-1.000000,1.000000,0.000000,0.000000;
		decal_origin = 3.438162,1.000000,1.974645,0xBB3EF580;
	  f far_plane = 1.100000;
	  x guid = 0xAD63AA18;
	  f horizontal_meters = 4.000000;
	  f lod = 1.000000;
	  f near_plane = 0.100000;
		texture = Art\Bitmaps\Decals\b_d_grs01-a.%img%;
	  f vertical_meters = 4.000000;
	}
	[t:decal,n:*]
	{
		decal_orientation = 0.000000,0.876216,0.481919,0.000000,0.481919,-0.876216,-1.000000,0.000000,0.000000;
		decal_origin = 3.037635,2.611971,0.868254,0x9DDF0BE3;
	  f far_plane = 1.100000;
	  x guid = 0x2FC8C983;
	  f horizontal_meters = 4.000000;
	  f lod = 1.000000;
	  f near_plane = 0.100000;
		texture = Art\Bitmaps\Decals\b_d_grs01-a.%img%;
	  f vertical_meters = 4.000000;
	}
	[t:decal,n:*]
	{
		decal_orientation = 0.000000,0.876216,0.481919,0.000000,0.481919,-0.876216,-1.000000,0.000000,0.000000;
		decal_origin = 2.928468,2.551928,3.679646,0x9DDF0BE3;
	  f far_plane = 1.100000;
	  x guid = 0x36F4FA86;
	  f horizontal_meters = 4.000000;
	  f lod = 1.000000;
	  f near_plane = 0.100000;
		texture = Art\Bitmaps\Decals\b_d_grs01-a.%img%;
	  f vertical_meters = 4.000000;
	}
	[t:decal,n:*]
	{
		decal_orientation = 0.000000,-1.000000,0.000000,0.000000,0.000000,-1.000000,1.000000,0.000000,0.000000;
		decal_origin = 3.889308,1.000000,-1.455163,0x4D913961;
	  f far_plane = 1.100000;
	  x guid = 0x571FDA52;
	  f horizontal_meters = 4.000000;
	  f lod = 1.000000;
	  f near_plane = 0.100000;
		texture = Art\Bitmaps\Decals\b_d_grs01-a.%img%;
	  f vertical_meters = 4.000000;
	}
	[t:decal,n:*]
	{
		decal_orientation = 0.000000,-1.000000,0.000000,0.000000,0.000000,-1.000000,1.000000,0.000000,0.000000;
		decal_origin = 3.946034,1.000000,0.695334,0x4D913961;
	  f far_plane = 1.100000;
	  x guid = 0x5B2F12AA;
	  f horizontal_meters = 4.000000;
	  f lod = 1.000000;
	  f near_plane = 0.100000;
		texture = Art\Bitmaps\Decals\b_d_grs01-a.%img%;
	  f vertical_meters = 4.000000;
	}
	[t:decal,n:*]
	{
		decal_orientation = 0.000000,-1.000000,0.000000,0.000000,0.000000,-1.000000,1.000000,0.000000,0.000000;
		decal_origin = 2.429076,-1.050000,-3.646924,0x52FE99E8;
	  f far_plane = 1.100000;
	  x guid = 0x018E3B53;
	  f horizontal_meters = 4.000000;
	  f lod = 1.000000;
	  f near_plane = 0.100000;
		texture = Art\Bitmaps\Decals\b_d_grs01-a.%img%;
	  f vertical_meters = 4.000000;
	}
	[t:decal,n:*]
	{
		decal_orientation = 0.000000,-1.000000,0.000000,0.000000,0.000000,-1.000000,1.000000,0.000000,0.000000;
		decal_origin = -2.097130,-1.049999,-3.323502,0x52FE99E8;
	  f far_plane = 1.100000;
	  x guid = 0x4EECEC18;
	  f horizontal_meters = 4.000000;
	  f lod = 1.000000;
	  f near_plane = 0.100000;
		texture = Art\Bitmaps\Decals\b_d_grs01-a.%img%;
	  f vertical_meters = 4.000000;
	}
	[t:decal,n:*]
	{
		decal_orientation = 0.000000,-1.000000,0.000000,0.000000,0.000000,-1.000000,1.000000,0.000000,0.000000;
		decal_origin = 0.090996,-1.050000,-3.354156,0x52FE99E8;
	  f far_plane = 1.100000;
	  x guid = 0x625DB363;
	  f horizontal_meters = 4.000000;
	  f lod = 1.000000;
	  f near_plane = 0.100000;
		texture = Art\Bitmaps\Decals\b_d_grs01-a.%img%;
	  f vertical_meters = 4.000000;
	}
	[t:decal,n:*]
	{
		decal_orientation = 0.000000,-1.000000,0.000000,0.000000,0.000000,-1.000000,1.000000,0.000000,0.000000;
		decal_origin = 1.131561,-3.000000,-0.894379,0x49667D71;
	  f far_plane = 1.100000;
	  x guid = 0x4AB90869;
	  f horizontal_meters = 4.000000;
	  f lod = 1.000000;
	  f near_plane = 0.100000;
		texture = Art\Bitmaps\Decals\b_d_grs01-a.%img%;
	  f vertical_meters = 4.000000;
	}
	[t:decal,n:*]
	{
		decal_orientation = 0.000000,0.997785,0.066519,0.000000,0.066519,-0.997785,-1.000000,0.000000,0.000000;
		decal_origin = -1.267754,-3.144388,-1.746597,0x49667D71;
	  f far_plane = 1.100000;
	  x guid = 0x116120F6;
	  f horizontal_meters = 4.000000;
	  f lod = 1.000000;
	  f near_plane = 0.100000;
		texture = Art\Bitmaps\Decals\b_d_grs01-a.%img%;
	  f vertical_meters = 4.000000;
	}
	[t:decal,n:*]
	{
		decal_orientation = 0.000000,-1.000000,0.000000,0.000000,0.000000,-1.000000,1.000000,0.000000,0.000000;
		decal_origin = 3.871502,3.000000,3.451767,0xE7CE576D;
	  f far_plane = 1.100000;
	  x guid = 0x83F3B306;
	  f horizontal_meters = 4.000000;
	  f lod = 1.000000;
	  f near_plane = 0.100000;
		texture = Art\Bitmaps\Decals\b_d_grs01-a.%img%;
	  f vertical_meters = 4.000000;
	}
	[t:decal,n:*]
	{
		decal_orientation = 0.000000,-1.000000,0.000000,0.000000,0.000000,-1.000000,1.000000,0.000000,0.000000;
		decal_origin = 3.974001,3.000000,0.803924,0xE7CE576D;
	  f far_plane = 1.100000;
	  x guid = 0x6B4E3361;
	  f horizontal_meters = 4.000000;
	  f lod = 1.000000;
	  f near_plane = 0.100000;
		texture = Art\Bitmaps\Decals\b_d_grs01-a.%img%;
	  f vertical_meters = 4.000000;
	}
	[t:decal,n:*]
	{
		decal_orientation = 0.000000,-1.000000,0.000000,0.000000,0.000000,-1.000000,1.000000,0.000000,0.000000;
		decal_origin = 3.425255,1.000000,-1.319684,0x691241D9;
	  f far_plane = 1.100000;
	  x guid = 0xCFD567E6;
	  f horizontal_meters = 4.000000;
	  f lod = 1.000000;
	  f near_plane = 0.100000;
		texture = Art\Bitmaps\Decals\b_d_grs01-a.%img%;
	  f vertical_meters = 4.000000;
	}
	[t:decal,n:*]
	{
		decal_orientation = 0.000000,-1.000000,0.000000,0.000000,0.000000,-1.000000,1.000000,0.000000,0.000000;
		decal_origin = 3.652356,1.000000,1.072017,0x691241D9;
	  f far_plane = 1.100000;
	  x guid = 0x7F7913E2;
	  f horizontal_meters = 4.000000;
	  f lod = 1.000000;
	  f near_plane = 0.100000;
		texture = Art\Bitmaps\Decals\b_d_grs01-a.%img%;
	  f vertical_meters = 4.000000;
	}
	[t:decal,n:*]
	{
		decal_orientation = 1.000000,0.000000,0.000000,0.000000,0.000000,-1.000000,0.000000,1.000000,0.000000;
		decal_origin = -0.931046,1.000000,-1.212051,0x6635CD5F;
	  f far_plane = 1.100000;
	  x guid = 0x63107576;
	  f horizontal_meters = 4.000000;
	  f lod = 1.000000;
	  f near_plane = 0.100000;
		texture = Art\Bitmaps\Decals\b_d_grs01-a.%img%;
	  f vertical_meters = 4.000000;
	}
	[t:decal,n:*]
	{
		decal_orientation = 0.000000,-1.000000,0.000000,0.000000,0.000000,-1.000000,1.000000,0.000000,0.000000;
		decal_origin = -1.178986,1.000000,0.952591,0x6635CD5F;
	  f far_plane = 1.100000;
	  x guid = 0x2E0BCEFC;
	  f horizontal_meters = 4.000000;
	  f lod = 1.000000;
	  f near_plane = 0.100000;
		texture = Art\Bitmaps\Decals\b_d_grs01-a.%img%;
	  f vertical_meters = 4.000000;
	}
	[t:decal,n:*]
	{
		decal_orientation = 0.000000,-1.000000,0.000000,0.000000,0.000000,-1.000000,1.000000,0.000000,0.000000;
		decal_origin = 3.724731,1.000000,-0.646461,0x90EB7DFF;
	  f far_plane = 1.100000;
	  x guid = 0xE33FA4B4;
	  f horizontal_meters = 4.000000;
	  f lod = 1.000000;
	  f near_plane = 0.100000;
		texture = Art\Bitmaps\Decals\b_d_grs01-a.%img%;
	  f vertical_meters = 4.000000;
	}
	[t:decal,n:*]
	{
		decal_orientation = 0.000000,-1.000000,0.000000,0.000000,0.000000,-1.000000,1.000000,0.000000,0.000000;
		decal_origin = 3.877930,1.000000,1.002365,0x90EB7DFF;
	  f far_plane = 1.100000;
	  x guid = 0x452DDB6B;
	  f horizontal_meters = 4.000000;
	  f lod = 1.000000;
	  f near_plane = 0.100000;
		texture = Art\Bitmaps\Decals\b_d_grs01-a.%img%;
	  f vertical_meters = 4.000000;
	}
	[t:decal,n:*]
	{
		decal_orientation = -1.000000,0.000000,0.000000,0.000000,0.148340,-0.988936,0.000000,-0.988936,-0.148340;
		decal_origin = -7.272086,1.978288,11.886000,0x72B67CDC;
	  f far_plane = 1.100000;
	  x guid = 0x076EAB4B;
	  f horizontal_meters = 4.000000;
	  f lod = 1.000000;
	  f near_plane = 0.100000;
		texture = Art\Bitmaps\Decals\b_d_grs01-a.%img%;
	  f vertical_meters = 4.000000;
	}
	[t:decal,n:*]
	{
		decal_orientation = -1.000000,0.000000,0.000000,0.000000,0.148340,-0.988936,0.000000,-0.988936,-0.148340;
		decal_origin = -9.065252,1.956418,12.031796,0x72B67CDC;
	  f far_plane = 1.100000;
	  x guid = 0x6FE9C58B;
	  f horizontal_meters = 4.000000;
	  f lod = 1.000000;
	  f near_plane = 0.100000;
		texture = Art\Bitmaps\Decals\b_d_grs01-a.%img%;
	  f vertical_meters = 4.000000;
	}
	[t:decal,n:*]
	{
		decal_orientation = -1.000000,0.000000,0.000000,0.000000,0.099504,-0.995037,0.000000,-0.995037,-0.099504;
		decal_origin = -0.619147,1.628777,15.762153,0xE7EC37FA;
	  f far_plane = 1.100000;
	  x guid = 0xF5D0BBA0;
	  f horizontal_meters = 4.000000;
	  f lod = 1.000000;
	  f near_plane = 0.100000;
		texture = Art\Bitmaps\Decals\b_d_grs01-a.%img%;
	  f vertical_meters = 4.000000;
	}
	[t:decal,n:*]
	{
		decal_orientation = -1.000000,-0.000000,-0.000000,0.000000,0.099504,-0.995037,0.000000,-0.995037,-0.099504;
		decal_origin = 0.922439,1.603703,15.621605,0xE7EC37FA;
	  f far_plane = 1.100000;
	  x guid = 0x310F5FA2;
	  f horizontal_meters = 4.000000;
	  f lod = 1.000000;
	  f near_plane = 0.100000;
		texture = Art\Bitmaps\Decals\b_d_grs01-a.%img%;
	  f vertical_meters = 4.000000;
	}
	[t:decal,n:*]
	{
		decal_orientation = 1.000000,0.000000,0.000000,0.000000,0.099504,-0.995037,0.000000,0.995037,0.099504;
		decal_origin = 0.861320,1.605236,-15.997514,0xE7EC37FA;
	  f far_plane = 1.100000;
	  x guid = 0xFD4C3E4E;
	  f horizontal_meters = 4.000000;
	  f lod = 1.000000;
	  f near_plane = 0.100000;
		texture = Art\Bitmaps\Decals\b_d_grs01-a.%img%;
	  f vertical_meters = 4.000000;
	}
	[t:decal,n:*]
	{
		decal_orientation = 1.000000,0.000000,0.000000,0.000000,0.099504,-0.995037,0.000000,0.995037,0.099504;
		decal_origin = -0.702596,1.618948,-15.860404,0xE7EC37FA;
	  f far_plane = 1.100000;
	  x guid = 0xE4A6E47F;
	  f horizontal_meters = 4.000000;
	  f lod = 1.000000;
	  f near_plane = 0.100000;
		texture = Art\Bitmaps\Decals\b_d_grs01-a.%img%;
	  f vertical_meters = 4.000000;
	}
	[t:decal,n:*]
	{
		decal_orientation = 1.000000,0.000001,0.000000,0.000000,0.022217,-0.999753,-0.000001,0.999753,0.022217;
		decal_origin = 0.734314,3.328748,3.926224,0xDF0661B3;
	  f far_plane = 1.100000;
	  x guid = 0x0563AC1F;
	  f horizontal_meters = 4.000000;
	  f lod = 1.000000;
	  f near_plane = 0.100000;
		texture = Art\Bitmaps\Decals\b_d_grs01-a.%img%;
	  f vertical_meters = 4.000000;
	}
	[t:decal,n:*]
	{
		decal_orientation = -1.000000,0.000001,0.000000,0.000000,0.022217,-0.999753,-0.000001,-0.999753,-0.022217;
		decal_origin = 9.092191,1.599160,15.460932,0xDB0BB925;
	  f far_plane = 1.100000;
	  x guid = 0x6F2C0380;
	  f horizontal_meters = 4.000000;
	  f lod = 1.000000;
	  f near_plane = 0.100000;
		texture = Art\Bitmaps\Decals\b_d_grs01-a.%img%;
	  f vertical_meters = 4.000000;
	}
	[t:decal,n:*]
	{
		decal_orientation = 0.000000,-1.000000,0.000000,0.000000,0.000000,-1.000000,1.000000,0.000000,0.000000;
		decal_origin = 0.609735,16.850002,-1.664468,0x27BBE07E;
	  f far_plane = 1.100000;
	  x guid = 0x4407904D;
	  f horizontal_meters = 4.000000;
	  f lod = 1.000000;
	  f near_plane = 0.100000;
		texture = Art\Bitmaps\Decals\b_d_grs01-a.%img%;
	  f vertical_meters = 4.000000;
	}
	[t:decal,n:*]
	{
		decal_orientation = 0.000000,-1.000000,0.000000,0.000000,0.000000,-1.000000,1.000000,0.000000,0.000000;
		decal_origin = -0.845045,16.850000,-1.810659,0x27BBE07E;
	  f far_plane = 1.100000;
	  x guid = 0x38F75DA9;
	  f horizontal_meters = 4.000000;
	  f lod = 1.000000;
	  f near_plane = 0.100000;
		texture = Art\Bitmaps\Decals\b_d_grs01-a.%img%;
	  f vertical_meters = 4.000000;
	}
	[t:decal,n:*]
	{
		decal_orientation = 0.000000,0.995037,0.099504,0.000000,0.099504,-0.995037,-1.000000,0.000000,0.000000;
		decal_origin = -1.825061,0.672482,-1.083056,0xA46C35DC;
	  f far_plane = 1.100000;
	  x guid = 0xA46C9AC3;
	  f horizontal_meters = 4.000000;
	  f lod = 1.000000;
	  f near_plane = 0.100000;
		texture = Art\Bitmaps\Decals\b_d_grs01-a.%img%;
	  f vertical_meters = 4.000000;
	}
	[t:decal,n:*]
	{
		decal_orientation = 0.000000,0.980581,0.196116,0.000000,0.196116,-0.980581,-1.000000,0.000000,0.000000;
		decal_origin = -1.817654,0.706272,1.076334,0xA46C35DC;
	  f far_plane = 1.100000;
	  x guid = 0x25619CDA;
	  f horizontal_meters = 4.000000;
	  f lod = 1.000000;
	  f near_plane = 0.100000;
		texture = Art\Bitmaps\Decals\b_d_grs01-a.%img%;
	  f vertical_meters = 4.000000;
	}
	[t:decal,n:*]
	{
		decal_orientation = 0.000000,-1.000000,0.000000,0.000000,0.000000,-1.000000,1.000000,0.000000,0.000000;
		decal_origin = 3.361416,1.000000,-0.448409,0x6786EE54;
	  f far_plane = 1.100000;
	  x guid = 0xCE1A11E8;
	  f horizontal_meters = 4.000000;
	  f lod = 1.000000;
	  f near_plane = 0.100000;
		texture = Art\Bitmaps\Decals\b_d_grs01-a.%img%;
	  f vertical_meters = 4.000000;
	}
	[t:decal,n:*]
	{
		decal_orientation = 0.000000,-1.000000,0.000000,0.000000,0.000000,-1.000000,1.000000,0.000000,0.000000;
		decal_origin = 3.017081,1.000000,1.070961,0x6786EE54;
	  f far_plane = 1.100000;
	  x guid = 0xF40B4A7B;
	  f horizontal_meters = 4.000000;
	  f lod = 1.000000;
	  f near_plane = 0.100000;
		texture = Art\Bitmaps\Decals\b_d_grs01-a.%img%;
	  f vertical_meters = 4.000000;
	}
	[t:decal,n:*]
	{
		decal_orientation = 0.000000,-1.000000,0.000000,0.000000,0.000000,-1.000000,1.000000,0.000000,0.000000;
		decal_origin = 2.745819,-1.000000,-5.977113,0x176331E6;
	  f far_plane = 1.100000;
	  x guid = 0xCE46E59B;
	  f horizontal_meters = 4.000000;
	  f lod = 1.000000;
	  f near_plane = 0.100000;
		texture = Art\Bitmaps\Decals\b_d_grs01-a.%img%;
	  f vertical_meters = 4.000000;
	}
	[t:decal,n:*]
	{
		decal_orientation = 0.000000,-1.000000,0.000000,0.000000,0.000000,-1.000000,1.000000,0.000000,0.000000;
		decal_origin = -3.333870,1.000000,3.869938,0xDC8E7AA1;
	  f far_plane = 1.100000;
	  x guid = 0x54693F4F;
	  f horizontal_meters = 4.000000;
	  f lod = 1.000000;
	  f near_plane = 0.100000;
		texture = Art\Bitmaps\Decals\b_d_grs01-a.%img%;
	  f vertical_meters = 4.000000;
	}
	[t:decal,n:*]
	{
		decal_orientation = -1.000000,0.000000,0.000000,0.000000,0.148340,-0.988936,0.000000,-0.988936,-0.148340;
		decal_origin = -1.143293,1.942767,12.122806,0x9B273129;
	  f far_plane = 1.100000;
	  x guid = 0xEE753A28;
	  f horizontal_meters = 4.000000;
	  f lod = 0.000000;
	  f near_plane = 0.100000;
		texture = Art\Bitmaps\Decals\b_d_grs01-a.%img%;
	  f vertical_meters = 4.000000;
	}
	[t:decal,n:*]
	{
		decal_orientation = -1.000000,-0.000000,-0.000000,0.000000,0.148340,-0.988936,0.000000,-0.988936,-0.148340;
		decal_origin = 0.432969,1.952866,11.991608,0x9B273129;
	  f far_plane = 1.100000;
	  x guid = 0xBA315834;
	  f horizontal_meters = 4.000000;
	  f lod = 1.000000;
	  f near_plane = 0.100000;
		texture = Art\Bitmaps\Decals\b_d_grs01-a.%img%;
	  f vertical_meters = 4.000000;
	}
	[t:decal,n:*]
	{
		decal_orientation = 1.000000,0.000000,0.000000,0.000000,0.148340,-0.988936,0.000000,0.988936,0.148340;
		decal_origin = -0.942942,1.973191,-11.919985,0x9B273129;
	  f far_plane = 1.100000;
	  x guid = 0x91BA2679;
	  f horizontal_meters = 4.000000;
	  f lod = 1.000000;
	  f near_plane = 0.100000;
		texture = Art\Bitmaps\Decals\b_d_grs01-a.%img%;
	  f vertical_meters = 4.000000;
	}
	[t:decal,n:*]
	{
		decal_orientation = 1.000000,0.000000,0.000000,0.000000,0.148340,-0.988936,0.000000,0.988936,0.148340;
		decal_origin = 0.828958,2.000216,-11.739814,0x9B273129;
	  f far_plane = 1.100000;
	  x guid = 0x91D74B03;
	  f horizontal_meters = 4.000000;
	  f lod = 1.000000;
	  f near_plane = 0.100000;
		texture = Art\Bitmaps\Decals\b_d_grs01-a.%img%;
	  f vertical_meters = 4.000000;
	}
}
